Initial = 100; // Initial energy level at the depot
Eth = 20;	// Minimum energy level
Cswap = 50;	// Cost of swapping a module
Tswap = 2;	// Time to swap a battery module
M = 5;		// The total number of battery modules

S = 0;		// Sourse of EV
D = 24;		// Destination of EV
G = 10000;  // Large value

Nodes = 24;
Visits = 13;

Station =  [0, 0, 0, 1, 1, 1, 0, 0, 0, 0, 0, 0, 0, 0, 0, 1, 0, 0, 0, 0, 0, 0, 1, 0, 0];
Costumer = [0, 0, 0, 0, 0, 0, 1, 1, 1, 0, 0, 1, 0, 1, 0, 0, 1, 1, 0, 1, 1, 0, 0, 1, 0];

Adj = 	[
 [0, 1, 1, 0, 0, 0, 0, 0, 0, 0, 0, 0, 0, 0, 0, 0, 0, 0, 0, 0, 0, 0, 0, 0, 0],
 [1, 0, 1, 0, 0, 0, 0, 0, 0, 0, 0, 0, 0, 0, 0, 0, 0, 0, 0, 0, 0, 0, 0, 1, 0],
 [1, 1, 0, 0, 1, 0, 0, 0, 0, 0, 0, 0, 1, 0, 0, 0, 0, 0, 1, 0, 0, 0, 0, 0, 1],
 [0, 0, 0, 0, 0, 0, 0, 1, 0, 1, 0, 0, 0, 0, 0, 0, 0, 0, 0, 0, 0, 0, 1, 0, 0],
 [0, 0, 1, 0, 0, 0, 1, 0, 0, 0, 1, 0, 1, 0, 0, 0, 0, 0, 1, 0, 0, 0, 0, 0, 0],
 [0, 0, 0, 0, 0, 0, 0, 0, 0, 0, 0, 1, 0, 0, 1, 0, 0, 0, 0, 0, 1, 0, 1, 1, 0],
 [0, 0, 0, 0, 1, 0, 0, 0, 0, 0, 1, 0, 0, 0, 0, 0, 0, 0, 0, 1, 0, 0, 0, 0, 0],
 [0, 0, 0, 1, 0, 0, 0, 0, 0, 1, 0, 0, 0, 1, 0, 0, 0, 0, 0, 0, 0, 1, 1, 0, 0],
 [0, 0, 0, 0, 0, 0, 0, 0, 0, 0, 0, 0, 0, 1, 0, 1, 1, 0, 0, 0, 0, 1, 0, 0, 0],
 [0, 0, 0, 1, 0, 0, 0, 1, 0, 0, 0, 0, 0, 0, 0, 0, 0, 0, 0, 0, 0, 0, 0, 0, 0],
 [0, 0, 0, 0, 1, 0, 1, 0, 0, 0, 0, 1, 0, 0, 0, 0, 0, 0, 0, 1, 0, 0, 0, 0, 0],
 [0, 0, 0, 0, 0, 1, 0, 0, 0, 0, 1, 0, 0, 0, 1, 0, 0, 0, 0, 0, 1, 0, 1, 0, 0],
 [0, 0, 1, 0, 1, 0, 0, 0, 0, 0, 0, 0, 0, 0, 0, 0, 0, 0, 0, 1, 0, 0, 0, 0, 0],
 [0, 0, 0, 0, 0, 0, 0, 1, 1, 0, 0, 0, 0, 0, 0, 1, 0, 0, 0, 0, 0, 1, 0, 0, 0],
 [0, 0, 0, 0, 0, 1, 0, 0, 0, 0, 0, 1, 0, 0, 0, 0, 1, 1, 0, 0, 1, 0, 0, 0, 0],
 [0, 0, 0, 0, 0, 0, 0, 0, 1, 0, 0, 0, 0, 1, 0, 0, 1, 0, 0, 0, 0, 1, 0, 0, 0],
 [0, 0, 0, 0, 0, 0, 0, 0, 1, 0, 0, 0, 0, 0, 1, 1, 0, 1, 0, 0, 0, 0, 0, 0, 0],
 [0, 0, 0, 0, 0, 0, 0, 0, 0, 0, 0, 0, 0, 0, 1, 0, 1, 0, 0, 0, 0, 0, 0, 1, 0],
 [0, 0, 1, 0, 1, 0, 0, 0, 0, 0, 0, 0, 0, 0, 0, 0, 0, 0, 0, 1, 0, 0, 0, 1, 0],
 [0, 0, 0, 0, 0, 0, 1, 0, 0, 0, 1, 0, 1, 0, 0, 0, 0, 0, 1, 0, 0, 0, 0, 0, 0],
 [0, 0, 0, 0, 0, 1, 0, 0, 0, 0, 0, 1, 0, 0, 1, 0, 0, 0, 0, 0, 0, 0, 0, 1, 0],
 [0, 0, 0, 0, 0, 0, 0, 1, 1, 0, 0, 0, 0, 1, 0, 1, 0, 0, 0, 0, 0, 0, 0, 0, 0],
 [0, 0, 0, 1, 0, 1, 0, 1, 0, 0, 0, 1, 0, 0, 0, 0, 0, 0, 0, 0, 0, 0, 0, 0, 0],
 [0, 1, 0, 0, 0, 1, 0, 0, 0, 0, 0, 0, 0, 0, 0, 0, 0, 1, 1, 0, 1, 0, 0, 0, 0],
 [0, 0, 1, 0, 0, 0, 0, 0, 0, 0, 0, 0, 0, 0, 0, 0, 0, 0, 0, 0, 0, 0, 0, 0, 0]
];

Trav =	[
 [0.00, 8.66, 8.66, 0.00, 0.00, 0.00, 0.00, 0.00, 0.00, 0.00, 0.00, 0.00, 0.00, 0.00, 0.00, 0.00, 0.00, 0.00, 0.00, 0.00, 0.00, 0.00, 0.00, 0.00, 0.00],
 [8.66, 0.00, 4.86, 0.00, 0.00, 0.00, 0.00, 0.00, 0.00, 0.00, 0.00, 0.00, 0.00, 0.00, 0.00, 0.00, 0.00, 0.00, 0.00, 0.00, 0.00, 0.00, 0.00, 6.21, 0.00],
 [8.66, 4.86, 0.00, 0.00, 9.19, 0.00, 0.00, 0.00, 0.00, 0.00, 0.00, 0.00, 12.85, 0.00, 0.00, 0.00, 0.00, 0.00, 7.10, 0.00, 0.00, 0.00, 0.00, 0.00, 8.66],
 [0.00, 0.00, 0.00, 0.00, 0.00, 0.00, 0.00, 6.48, 0.00, 8.37, 0.00, 0.00, 0.00, 0.00, 0.00, 0.00, 0.00, 0.00, 0.00, 0.00, 0.00, 0.00, 6.18, 0.00, 0.00],
 [0.00, 0.00, 9.19, 0.00, 0.00, 0.00, 5.35, 0.00, 0.00, 0.00, 4.24, 0.00, 11.13, 0.00, 0.00, 0.00, 0.00, 0.00, 10.74, 0.00, 0.00, 0.00, 0.00, 0.00, 0.00],
 [0.00, 0.00, 0.00, 0.00, 0.00, 0.00, 0.00, 0.00, 0.00, 0.00, 0.00, 6.40, 0.00, 0.00, 9.97, 0.00, 0.00, 0.00, 0.00, 0.00, 6.97, 0.00, 10.91, 5.95, 0.00],
 [0.00, 0.00, 0.00, 0.00, 5.35, 0.00, 0.00, 0.00, 0.00, 0.00, 8.50, 0.00, 0.00, 0.00, 0.00, 0.00, 0.00, 0.00, 0.00, 15.29, 0.00, 0.00, 0.00, 0.00, 0.00],
 [0.00, 0.00, 0.00, 6.48, 0.00, 0.00, 0.00, 0.00, 0.00, 11.89, 0.00, 0.00, 0.00, 13.67, 0.00, 0.00, 0.00, 0.00, 0.00, 0.00, 0.00, 10.31, 8.88, 0.00, 0.00],
 [0.00, 0.00, 0.00, 0.00, 0.00, 0.00, 0.00, 0.00, 0.00, 0.00, 0.00, 0.00, 0.00, 6.39, 0.00, 9.31, 6.37, 0.00, 0.00, 0.00, 0.00, 7.91, 0.00, 0.00, 0.00],
 [0.00, 0.00, 0.00, 8.37, 0.00, 0.00, 0.00, 11.89, 0.00, 0.00, 0.00, 0.00, 0.00, 0.00, 0.00, 0.00, 0.00, 0.00, 0.00, 0.00, 0.00, 0.00, 0.00, 0.00, 0.00],
 [0.00, 0.00, 0.00, 0.00, 4.24, 0.00, 8.50, 0.00, 0.00, 0.00, 0.00, 4.69, 0.00, 0.00, 0.00, 0.00, 0.00, 0.00, 0.00, 6.05, 0.00, 0.00, 0.00, 0.00, 0.00],
 [0.00, 0.00, 0.00, 0.00, 0.00, 6.40, 0.00, 0.00, 0.00, 0.00, 4.69, 0.00, 0.00, 0.00, 5.79, 0.00, 0.00, 0.00, 0.00, 0.00, 6.06, 0.00, 13.73, 0.00, 0.00],
 [0.00, 0.00, 12.85, 0.00, 11.13, 0.00, 0.00, 0.00, 0.00, 0.00, 0.00, 0.00, 0.00, 0.00, 0.00, 0.00, 0.00, 0.00, 0.00, 6.36, 0.00, 0.00, 0.00, 0.00, 0.00],
 [0.00, 0.00, 0.00, 0.00, 0.00, 0.00, 0.00, 13.67, 6.39, 0.00, 0.00, 0.00, 0.00, 0.00, 0.00, 7.22, 0.00, 0.00, 0.00, 0.00, 0.00, 8.47, 0.00, 0.00, 0.00],
 [0.00, 0.00, 0.00, 0.00, 0.00, 9.97, 0.00, 0.00, 0.00, 0.00, 0.00, 5.79, 0.00, 0.00, 0.00, 0.00, 8.77, 7.40, 0.00, 0.00, 8.27, 0.00, 0.00, 0.00, 0.00],
 [0.00, 0.00, 0.00, 0.00, 0.00, 0.00, 0.00, 0.00, 9.31, 0.00, 0.00, 0.00, 0.00, 7.22, 0.00, 0.00, 9.09, 0.00, 0.00, 0.00, 0.00, 6.01, 0.00, 0.00, 0.00],
 [0.00, 0.00, 0.00, 0.00, 0.00, 0.00, 0.00, 0.00, 6.37, 0.00, 0.00, 0.00, 0.00, 0.00, 8.77, 9.09, 0.00, 13.83, 0.00, 0.00, 0.00, 0.00, 0.00, 0.00, 0.00],
 [0.00, 0.00, 0.00, 0.00, 0.00, 0.00, 0.00, 0.00, 0.00, 0.00, 0.00, 0.00, 0.00, 0.00, 7.40, 0.00, 13.83, 0.00, 0.00, 0.00, 0.00, 0.00, 0.00, 10.23, 0.00],
 [0.00, 0.00, 7.10, 0.00, 10.74, 0.00, 0.00, 0.00, 0.00, 0.00, 0.00, 0.00, 0.00, 0.00, 0.00, 0.00, 0.00, 0.00, 0.00, 5.14, 0.00, 0.00, 0.00, 11.24, 0.00],
 [0.00, 0.00, 0.00, 0.00, 0.00, 0.00, 15.29, 0.00, 0.00, 0.00, 6.05, 0.00, 6.36, 0.00, 0.00, 0.00, 0.00, 0.00, 5.14, 0.00, 0.00, 0.00, 0.00, 0.00, 0.00],
 [0.00, 0.00, 0.00, 0.00, 0.00, 6.97, 0.00, 0.00, 0.00, 0.00, 0.00, 6.06, 0.00, 0.00, 8.27, 0.00, 0.00, 0.00, 0.00, 0.00, 0.00, 0.00, 0.00, 10.69, 0.00],
 [0.00, 0.00, 0.00, 0.00, 0.00, 0.00, 0.00, 10.31, 7.91, 0.00, 0.00, 0.00, 0.00, 8.47, 0.00, 6.01, 0.00, 0.00, 0.00, 0.00, 0.00, 0.00, 0.00, 0.00, 0.00],
 [0.00, 0.00, 0.00, 6.18, 0.00, 10.91, 0.00, 8.88, 0.00, 0.00, 0.00, 13.73, 0.00, 0.00, 0.00, 0.00, 0.00, 0.00, 0.00, 0.00, 0.00, 0.00, 0.00, 0.00, 0.00],
 [0.00, 6.21, 0.00, 0.00, 0.00, 5.95, 0.00, 0.00, 0.00, 0.00, 0.00, 0.00, 0.00, 0.00, 0.00, 0.00, 0.00, 10.23, 11.24, 0.00, 10.69, 0.00, 0.00, 0.00, 0.00],
 [0.00, 0.00, 8.66, 0.00, 0.00, 0.00, 0.00, 0.00, 0.00, 0.00, 0.00, 0.00, 0.00, 0.00, 0.00, 0.00, 0.00, 0.00, 0.00, 0.00, 0.00, 0.00, 0.00, 0.00, 0.00]
];

Edep =	[
 [0.00, 0.50, 0.50, 0.00, 0.00, 0.00, 0.00, 0.00, 0.00, 0.00, 0.00, 0.00, 0.00, 0.00, 0.00, 0.00, 0.00, 0.00, 0.00, 0.00, 0.00, 0.00, 0.00, 0.00, 0.00],
 [0.50, 0.00, 0.40, 0.00, 0.00, 0.00, 0.00, 0.00, 0.00, 0.00, 0.00, 0.00, 0.00, 0.00, 0.00, 0.00, 0.00, 0.00, 0.00, 0.00, 0.00, 0.00, 0.00, 0.46, 0.00],
 [0.50, 0.40, 0.00, 0.00, 0.93, 0.00, 0.00, 0.00, 0.00, 0.00, 0.00, 0.00, 0.84, 0.00, 0.00, 0.00, 0.00, 0.00, 0.71, 0.00, 0.00, 0.00, 0.00, 0.00, 0.50],
 [0.00, 0.00, 0.00, 0.00, 0.00, 0.00, 0.00, 0.53, 0.00, 0.63, 0.00, 0.00, 0.00, 0.00, 0.00, 0.00, 0.00, 0.00, 0.00, 0.00, 0.00, 0.00, 1.36, 0.00, 0.00],
 [0.00, 0.00, 0.93, 0.00, 0.00, 0.00, 0.48, 0.00, 0.00, 0.00, 0.39, 0.00, 0.89, 0.00, 0.00, 0.00, 0.00, 0.00, 0.80, 0.00, 0.00, 0.00, 0.00, 0.00, 0.00],
 [0.00, 0.00, 0.00, 0.00, 0.00, 0.00, 0.00, 0.00, 0.00, 0.00, 0.00, 0.59, 0.00, 0.00, 0.65, 0.00, 0.00, 0.00, 0.00, 0.00, 0.45, 0.00, 0.82, 0.56, 0.00],
 [0.00, 0.00, 0.00, 0.00, 0.48, 0.00, 0.00, 0.00, 0.00, 0.00, 0.57, 0.00, 0.00, 0.00, 0.00, 0.00, 0.00, 0.00, 0.00, 0.90, 0.00, 0.00, 0.00, 0.00, 0.00],
 [0.00, 0.00, 0.00, 0.53, 0.00, 0.00, 0.00, 0.00, 0.00, 0.78, 0.00, 0.00, 0.00, 0.91, 0.00, 0.00, 0.00, 0.00, 0.00, 0.00, 0.00, 0.89, 0.89, 0.00, 0.00],
 [0.00, 0.00, 0.00, 0.00, 0.00, 0.00, 0.00, 0.00, 0.00, 0.00, 0.00, 0.00, 0.00, 0.37, 0.00, 0.63, 0.54, 0.00, 0.00, 0.00, 0.00, 0.80, 0.00, 0.00, 0.00],
 [0.00, 0.00, 0.00, 0.63, 0.00, 0.00, 0.00, 0.78, 0.00, 0.00, 0.00, 0.00, 0.00, 0.00, 0.00, 0.00, 0.00, 0.00, 0.00, 0.00, 0.00, 0.00, 0.00, 0.00, 0.00],
 [0.00, 0.00, 0.00, 0.00, 0.39, 0.00, 0.57, 0.00, 0.00, 0.00, 0.00, 0.44, 0.00, 0.00, 0.00, 0.00, 0.00, 0.00, 0.00, 0.55, 0.00, 0.00, 0.00, 0.00, 0.00],
 [0.00, 0.00, 0.00, 0.00, 0.00, 0.59, 0.00, 0.00, 0.00, 0.00, 0.44, 0.00, 0.00, 0.00, 0.55, 0.00, 0.00, 0.00, 0.00, 0.00, 0.45, 0.00, 0.82, 0.00, 0.00],
 [0.00, 0.00, 0.84, 0.00, 0.89, 0.00, 0.00, 0.00, 0.00, 0.00, 0.00, 0.00, 0.00, 0.00, 0.00, 0.00, 0.00, 0.00, 0.00, 0.36, 0.00, 0.00, 0.00, 0.00, 0.00],
 [0.00, 0.00, 0.00, 0.00, 0.00, 0.00, 0.00, 0.91, 0.37, 0.00, 0.00, 0.00, 0.00, 0.00, 0.00, 0.57, 0.00, 0.00, 0.00, 0.00, 0.00, 0.52, 0.00, 0.00, 0.00],
 [0.00, 0.00, 0.00, 0.00, 0.00, 0.65, 0.00, 0.00, 0.00, 0.00, 0.00, 0.55, 0.00, 0.00, 0.00, 0.00, 0.85, 0.48, 0.00, 0.00, 0.69, 0.00, 0.00, 0.00, 0.00],
 [0.00, 0.00, 0.00, 0.00, 0.00, 0.00, 0.00, 0.00, 0.63, 0.00, 0.00, 0.00, 0.00, 0.57, 0.00, 0.00, 0.86, 0.00, 0.00, 0.00, 0.00, 0.58, 0.00, 0.00, 0.00],
 [0.00, 0.00, 0.00, 0.00, 0.00, 0.00, 0.00, 0.00, 0.54, 0.00, 0.00, 0.00, 0.00, 0.00, 0.85, 0.86, 0.00, 0.80, 0.00, 0.00, 0.00, 0.00, 0.00, 0.00, 0.00],
 [0.00, 0.00, 0.00, 0.00, 0.00, 0.00, 0.00, 0.00, 0.00, 0.00, 0.00, 0.00, 0.00, 0.00, 0.48, 0.00, 0.80, 0.00, 0.00, 0.00, 0.00, 0.00, 0.00, 0.68, 0.00],
 [0.00, 0.00, 0.71, 0.00, 0.80, 0.00, 0.00, 0.00, 0.00, 0.00, 0.00, 0.00, 0.00, 0.00, 0.00, 0.00, 0.00, 0.00, 0.00, 0.35, 0.00, 0.00, 0.00, 0.85, 0.00],
 [0.00, 0.00, 0.00, 0.00, 0.00, 0.00, 0.90, 0.00, 0.00, 0.00, 0.55, 0.00, 0.36, 0.00, 0.00, 0.00, 0.00, 0.00, 0.35, 0.00, 0.00, 0.00, 0.00, 0.00, 0.00],
 [0.00, 0.00, 0.00, 0.00, 0.00, 0.45, 0.00, 0.00, 0.00, 0.00, 0.00, 0.45, 0.00, 0.00, 0.69, 0.00, 0.00, 0.00, 0.00, 0.00, 0.00, 0.00, 0.00, 0.70, 0.00],
 [0.00, 0.00, 0.00, 0.00, 0.00, 0.00, 0.00, 0.89, 0.80, 0.00, 0.00, 0.00, 0.00, 0.52, 0.00, 0.58, 0.00, 0.00, 0.00, 0.00, 0.00, 0.00, 0.00, 0.00, 0.00],
 [0.00, 0.00, 0.00, 1.36, 0.00, 0.82, 0.00, 0.89, 0.00, 0.00, 0.00, 0.82, 0.00, 0.00, 0.00, 0.00, 0.00, 0.00, 0.00, 0.00, 0.00, 0.00, 0.00, 0.00, 0.00],
 [0.00, 0.46, 0.00, 0.00, 0.00, 0.56, 0.00, 0.00, 0.00, 0.00, 0.00, 0.00, 0.00, 0.00, 0.00, 0.00, 0.00, 0.68, 0.85, 0.00, 0.70, 0.00, 0.00, 0.00, 0.00],
 [0.00, 0.00, 0.50, 0.00, 0.00, 0.00, 0.00, 0.00, 0.00, 0.00, 0.00, 0.00, 0.00, 0.00, 0.00, 0.00, 0.00, 0.00, 0.00, 0.00, 0.00, 0.00, 0.00, 0.00, 0.00]
];

Ebox =	[
 [0.00, 0.04, 0.04, 0.00, 0.00, 0.00, 0.00, 0.00, 0.00, 0.00, 0.00, 0.00, 0.00, 0.00, 0.00, 0.00, 0.00, 0.00, 0.00, 0.00, 0.00, 0.00, 0.00, 0.00, 0.00],
 [0.04, 0.00, 0.06, 0.00, 0.00, 0.00, 0.00, 0.00, 0.00, 0.00, 0.00, 0.00, 0.00, 0.00, 0.00, 0.00, 0.00, 0.00, 0.00, 0.00, 0.00, 0.00, 0.00, 0.06, 0.00],
 [0.04, 0.06, 0.00, 0.00, 0.17, 0.00, 0.00, 0.00, 0.00, 0.00, 0.00, 0.00, 0.08, 0.00, 0.00, 0.00, 0.00, 0.00, 0.12, 0.00, 0.00, 0.00, 0.00, 0.00, 0.04],
 [0.00, 0.00, 0.00, 0.00, 0.00, 0.00, 0.00, 0.07, 0.00, 0.08, 0.00, 0.00, 0.00, 0.00, 0.00, 0.00, 0.00, 0.00, 0.00, 0.00, 0.00, 0.00, 0.17, 0.00, 0.00],
 [0.00, 0.00, 0.17, 0.00, 0.00, 0.00, 0.07, 0.00, 0.00, 0.00, 0.06, 0.00, 0.12, 0.00, 0.00, 0.00, 0.00, 0.00, 0.10, 0.00, 0.00, 0.00, 0.00, 0.00, 0.00],
 [0.00, 0.00, 0.00, 0.00, 0.00, 0.00, 0.00, 0.00, 0.00, 0.00, 0.00, 0.09, 0.00, 0.00, 0.07, 0.00, 0.00, 0.00, 0.00, 0.00, 0.04, 0.00, 0.10, 0.09, 0.00],
 [0.00, 0.00, 0.00, 0.00, 0.07, 0.00, 0.00, 0.00, 0.00, 0.00, 0.06, 0.00, 0.00, 0.00, 0.00, 0.00, 0.00, 0.00, 0.00, 0.08, 0.00, 0.00, 0.00, 0.00, 0.00],
 [0.00, 0.00, 0.00, 0.07, 0.00, 0.00, 0.00, 0.00, 0.00, 0.08, 0.00, 0.00, 0.00, 0.09, 0.00, 0.00, 0.00, 0.00, 0.00, 0.00, 0.00, 0.13, 0.16, 0.00, 0.00],
 [0.00, 0.00, 0.00, 0.00, 0.00, 0.00, 0.00, 0.00, 0.00, 0.00, 0.00, 0.00, 0.00, 0.03, 0.00, 0.07, 0.08, 0.00, 0.00, 0.00, 0.00, 0.14, 0.00, 0.00, 0.00],
 [0.00, 0.00, 0.00, 0.08, 0.00, 0.00, 0.00, 0.08, 0.00, 0.00, 0.00, 0.00, 0.00, 0.00, 0.00, 0.00, 0.00, 0.00, 0.00, 0.00, 0.00, 0.00, 0.00, 0.00, 0.00],
 [0.00, 0.00, 0.00, 0.00, 0.06, 0.00, 0.06, 0.00, 0.00, 0.00, 0.00, 0.07, 0.00, 0.00, 0.00, 0.00, 0.00, 0.00, 0.00, 0.09, 0.00, 0.00, 0.00, 0.00, 0.00],
 [0.00, 0.00, 0.00, 0.00, 0.00, 0.09, 0.00, 0.00, 0.00, 0.00, 0.07, 0.00, 0.00, 0.00, 0.09, 0.00, 0.00, 0.00, 0.00, 0.00, 0.06, 0.00, 0.07, 0.00, 0.00],
 [0.00, 0.00, 0.08, 0.00, 0.12, 0.00, 0.00, 0.00, 0.00, 0.00, 0.00, 0.00, 0.00, 0.00, 0.00, 0.00, 0.00, 0.00, 0.00, 0.03, 0.00, 0.00, 0.00, 0.00, 0.00],
 [0.00, 0.00, 0.00, 0.00, 0.00, 0.00, 0.00, 0.09, 0.03, 0.00, 0.00, 0.00, 0.00, 0.00, 0.00, 0.07, 0.00, 0.00, 0.00, 0.00, 0.00, 0.05, 0.00, 0.00, 0.00],
 [0.00, 0.00, 0.00, 0.00, 0.00, 0.07, 0.00, 0.00, 0.00, 0.00, 0.00, 0.09, 0.00, 0.00, 0.00, 0.00, 0.14, 0.05, 0.00, 0.00, 0.10, 0.00, 0.00, 0.00, 0.00],
 [0.00, 0.00, 0.00, 0.00, 0.00, 0.00, 0.00, 0.00, 0.07, 0.00, 0.00, 0.00, 0.00, 0.07, 0.00, 0.00, 0.14, 0.00, 0.00, 0.00, 0.00, 0.10, 0.00, 0.00, 0.00],
 [0.00, 0.00, 0.00, 0.00, 0.00, 0.00, 0.00, 0.00, 0.08, 0.00, 0.00, 0.00, 0.00, 0.00, 0.14, 0.14, 0.00, 0.07, 0.00, 0.00, 0.00, 0.00, 0.00, 0.00, 0.00],
 [0.00, 0.00, 0.00, 0.00, 0.00, 0.00, 0.00, 0.00, 0.00, 0.00, 0.00, 0.00, 0.00, 0.00, 0.05, 0.00, 0.07, 0.00, 0.00, 0.00, 0.00, 0.00, 0.00, 0.07, 0.00],
 [0.00, 0.00, 0.12, 0.00, 0.10, 0.00, 0.00, 0.00, 0.00, 0.00, 0.00, 0.00, 0.00, 0.00, 0.00, 0.00, 0.00, 0.00, 0.00, 0.04, 0.00, 0.00, 0.00, 0.11, 0.00],
 [0.00, 0.00, 0.00, 0.00, 0.00, 0.00, 0.08, 0.00, 0.00, 0.00, 0.09, 0.00, 0.03, 0.00, 0.00, 0.00, 0.00, 0.00, 0.04, 0.00, 0.00, 0.00, 0.00, 0.00, 0.00],
 [0.00, 0.00, 0.00, 0.00, 0.00, 0.04, 0.00, 0.00, 0.00, 0.00, 0.00, 0.06, 0.00, 0.00, 0.10, 0.00, 0.00, 0.00, 0.00, 0.00, 0.00, 0.00, 0.00, 0.07, 0.00],
 [0.00, 0.00, 0.00, 0.00, 0.00, 0.00, 0.00, 0.13, 0.14, 0.00, 0.00, 0.00, 0.00, 0.05, 0.00, 0.10, 0.00, 0.00, 0.00, 0.00, 0.00, 0.00, 0.00, 0.00, 0.00],
 [0.00, 0.00, 0.00, 0.17, 0.00, 0.10, 0.00, 0.16, 0.00, 0.00, 0.00, 0.07, 0.00, 0.00, 0.00, 0.00, 0.00, 0.00, 0.00, 0.00, 0.00, 0.00, 0.00, 0.00, 0.00],
 [0.00, 0.06, 0.00, 0.00, 0.00, 0.09, 0.00, 0.00, 0.00, 0.00, 0.00, 0.00, 0.00, 0.00, 0.00, 0.00, 0.00, 0.07, 0.11, 0.00, 0.07, 0.00, 0.00, 0.00, 0.00],
 [0.00, 0.00, 0.04, 0.00, 0.00, 0.00, 0.00, 0.00, 0.00, 0.00, 0.00, 0.00, 0.00, 0.00, 0.00, 0.00, 0.00, 0.00, 0.00, 0.00, 0.00, 0.00, 0.00, 0.00, 0.00]
];

Distance = [
 [0.0, 4.4, 4.4, 0.0, 0.0, 0.0, 0.0, 0.0, 0.0, 0.0, 0.0, 0.0, 0.0, 0.0, 0.0, 0.0, 0.0, 0.0, 0.0, 0.0, 0.0, 0.0, 0.0, 0.0, 0.0],
 [4.4, 0.0, 3.32, 0.0, 0.0, 0.0, 0.0, 0.0, 0.0, 0.0, 0.0, 0.0, 0.0, 0.0, 0.0, 0.0, 0.0, 0.0, 0.0, 0.0, 0.0, 0.0, 0.0, 3.93, 0.0],
 [4.4, 3.32, 0.0, 0.0, 7.35, 0.0, 0.0, 0.0, 0.0, 0.0, 0.0, 0.0, 7.28, 0.0, 0.0, 0.0, 0.0, 0.0, 5.62, 0.0, 0.0, 0.0, 0.0, 0.0, 4.4],
 [0.0, 0.0, 0.0, 0.0, 0.0, 0.0, 0.0, 4.43, 0.0, 5.3, 0.0, 0.0, 0.0, 0.0, 0.0, 0.0, 0.0, 0.0, 0.0, 0.0, 0.0, 0.0, 5.15, 0.0, 0.0],
 [0.0, 0.0, 7.35, 0.0, 0.0, 0.0, 3.92, 0.0, 0.0, 0.0, 3.18, 0.0, 7.42, 0.0, 0.0, 0.0, 0.0, 0.0, 6.8, 0.0, 0.0, 0.0, 0.0, 0.0, 0.0],
 [0.0, 0.0, 0.0, 0.0, 0.0, 0.0, 0.0, 0.0, 0.0, 0.0, 0.0, 4.75, 0.0, 0.0, 5.65, 0.0, 0.0, 0.0, 0.0, 0.0, 3.89, 0.0, 6.91, 4.51, 0.0],
 [0.0, 0.0, 0.0, 0.0, 3.92, 0.0, 0.0, 0.0, 0.0, 0.0, 4.89, 0.0, 0.0, 0.0, 0.0, 0.0, 0.0, 0.0, 0.0, 7.9, 0.0, 0.0, 0.0, 0.0, 0.0],
 [0.0, 0.0, 0.0, 4.43, 0.0, 0.0, 0.0, 0.0, 0.0, 6.74, 0.0, 0.0, 0.0, 7.86, 0.0, 0.0, 0.0, 0.0, 0.0, 0.0, 0.0, 7.3, 7.03, 0.0, 0.0],
 [0.0, 0.0, 0.0, 0.0, 0.0, 0.0, 0.0, 0.0, 0.0, 0.0, 0.0, 0.0, 0.0, 3.3, 0.0, 5.43, 4.46, 0.0, 0.0, 0.0, 0.0, 6.33, 0.0, 0.0, 0.0],
 [0.0, 0.0, 0.0, 5.3, 0.0, 0.0, 0.0, 6.74, 0.0, 0.0, 0.0, 0.0, 0.0, 0.0, 0.0, 0.0, 0.0, 0.0, 0.0, 0.0, 0.0, 0.0, 0.0, 0.0, 0.0],
 [0.0, 0.0, 0.0, 0.0, 3.18, 0.0, 4.89, 0.0, 0.0, 0.0, 0.0, 3.56, 0.0, 0.0, 0.0, 0.0, 0.0, 0.0, 0.0, 4.49, 0.0, 0.0, 0.0, 0.0, 0.0],
 [0.0, 0.0, 0.0, 0.0, 0.0, 4.75, 0.0, 0.0, 0.0, 0.0, 3.56, 0.0, 0.0, 0.0, 4.44, 0.0, 0.0, 0.0, 0.0, 0.0, 3.84, 0.0, 7.21, 0.0, 0.0],
 [0.0, 0.0, 7.28, 0.0, 7.42, 0.0, 0.0, 0.0, 0.0, 0.0, 0.0, 0.0, 0.0, 0.0, 0.0, 0.0, 0.0, 0.0, 0.0, 3.18, 0.0, 0.0, 0.0, 0.0, 0.0],
 [0.0, 0.0, 0.0, 0.0, 0.0, 0.0, 0.0, 7.86, 3.3, 0.0, 0.0, 0.0, 0.0, 0.0, 0.0, 4.75, 0.0, 0.0, 0.0, 0.0, 0.0, 4.52, 0.0, 0.0, 0.0],
 [0.0, 0.0, 0.0, 0.0, 0.0, 5.65, 0.0, 0.0, 0.0, 0.0, 0.0, 4.44, 0.0, 0.0, 0.0, 0.0, 6.8, 4.13, 0.0, 0.0, 5.72, 0.0, 0.0, 0.0, 0.0],
 [0.0, 0.0, 0.0, 0.0, 0.0, 0.0, 0.0, 0.0, 5.43, 0.0, 0.0, 0.0, 0.0, 4.75, 0.0, 0.0, 6.89, 0.0, 0.0, 0.0, 0.0, 4.66, 0.0, 0.0, 0.0],
 [0.0, 0.0, 0.0, 0.0, 0.0, 0.0, 0.0, 0.0, 4.46, 0.0, 0.0, 0.0, 0.0, 0.0, 6.8, 6.89, 0.0, 7.03, 0.0, 0.0, 0.0, 0.0, 0.0, 0.0, 0.0],
 [0.0, 0.0, 0.0, 0.0, 0.0, 0.0, 0.0, 0.0, 0.0, 0.0, 0.0, 0.0, 0.0, 0.0, 4.13, 0.0, 7.03, 0.0, 0.0, 0.0, 0.0, 0.0, 0.0, 5.88, 0.0],
 [0.0, 0.0, 5.62, 0.0, 6.8, 0.0, 0.0, 0.0, 0.0, 0.0, 0.0, 0.0, 0.0, 0.0, 0.0, 0.0, 0.0, 0.0, 0.0, 3.04, 0.0, 0.0, 0.0, 7.21, 0.0],
 [0.0, 0.0, 0.0, 0.0, 0.0, 0.0, 7.9, 0.0, 0.0, 0.0, 4.49, 0.0, 3.18, 0.0, 0.0, 0.0, 0.0, 0.0, 3.04, 0.0, 0.0, 0.0, 0.0, 0.0, 0.0],
 [0.0, 0.0, 0.0, 0.0, 0.0, 3.89, 0.0, 0.0, 0.0, 0.0, 0.0, 3.84, 0.0, 0.0, 5.72, 0.0, 0.0, 0.0, 0.0, 0.0, 0.0, 0.0, 0.0, 6.06, 0.0],
 [0.0, 0.0, 0.0, 0.0, 0.0, 0.0, 0.0, 7.3, 6.33, 0.0, 0.0, 0.0, 0.0, 4.52, 0.0, 4.66, 0.0, 0.0, 0.0, 0.0, 0.0, 0.0, 0.0, 0.0, 0.0],
 [0.0, 0.0, 0.0, 5.15, 0.0, 6.91, 0.0, 7.03, 0.0, 0.0, 0.0, 7.21, 0.0, 0.0, 0.0, 0.0, 0.0, 0.0, 0.0, 0.0, 0.0, 0.0, 0.0, 0.0, 0.0],
 [0.0, 3.93, 0.0, 0.0, 0.0, 4.51, 0.0, 0.0, 0.0, 0.0, 0.0, 0.0, 0.0, 0.0, 0.0, 0.0, 0.0, 5.88, 7.21, 0.0, 6.06, 0.0, 0.0, 0.0, 0.0],
 [0.0, 0.0, 4.4, 0.0, 0.0, 0.0, 0.0, 0.0, 0.0, 0.0, 0.0, 0.0, 0.0, 0.0, 0.0, 0.0, 0.0, 0.0, 0.0, 0.0, 0.0, 0.0, 0.0, 0.0, 0.0]
];