Initial = 100; // Initial energy level at the depot
Eth = 20;	// Minimum energy level
Cswap = 50;	// Cost of swapping a module
Tswap = 2;	// Time to swap a battery module
M = 5;		// The total number of battery modules

S = 0;		// Sourse of EV
D = 18;		// Destination of EV
G = 10000;  // Large value

Nodes = 18;
Visits = 13;

Station =  [0, 0, 0, 0, 1, 0, 0, 0, 0, 1, 0, 1, 0, 0, 0, 0, 1, 0, 0];
Costumer = [0, 0, 0, 1, 0, 1, 1, 0, 0, 0, 0, 0, 1, 1, 0, 1, 0, 1, 0];

Adj = 	[
 [0, 1, 1, 0, 0, 0, 0, 0, 0, 0, 0, 0, 0, 0, 0, 0, 0, 0, 0],
 [1, 0, 1, 0, 0, 0, 0, 0, 1, 0, 0, 1, 0, 0, 0, 0, 0, 0, 0],
 [1, 1, 0, 0, 1, 0, 0, 0, 1, 1, 0, 0, 0, 0, 0, 0, 0, 0, 1],
 [0, 0, 0, 0, 0, 0, 1, 1, 0, 0, 0, 0, 1, 0, 0, 0, 0, 0, 0],
 [0, 0, 1, 0, 0, 0, 0, 1, 0, 0, 0, 1, 0, 0, 1, 0, 1, 0, 0],
 [0, 0, 0, 0, 0, 0, 0, 0, 0, 0, 1, 0, 0, 1, 0, 1, 0, 1, 0],
 [0, 0, 0, 1, 0, 0, 0, 0, 0, 0, 0, 0, 1, 0, 0, 1, 0, 0, 0],
 [0, 0, 0, 1, 1, 0, 0, 0, 0, 0, 0, 0, 0, 0, 1, 0, 0, 0, 0],
 [0, 1, 1, 0, 0, 0, 0, 0, 0, 0, 0, 1, 0, 0, 0, 0, 0, 0, 0],
 [0, 0, 1, 0, 0, 0, 0, 0, 0, 0, 0, 0, 0, 0, 0, 0, 1, 0, 0],
 [0, 0, 0, 0, 0, 1, 0, 0, 0, 0, 0, 1, 0, 0, 0, 0, 0, 1, 0],
 [0, 1, 0, 0, 1, 0, 0, 0, 1, 0, 1, 0, 0, 0, 1, 0, 0, 0, 0],
 [0, 0, 0, 1, 0, 0, 1, 0, 0, 0, 0, 0, 0, 0, 0, 0, 0, 0, 0],
 [0, 0, 0, 0, 0, 1, 0, 0, 0, 0, 0, 0, 0, 0, 0, 0, 0, 1, 0],
 [0, 0, 0, 0, 1, 0, 0, 1, 0, 0, 0, 1, 0, 0, 0, 0, 1, 0, 0],
 [0, 0, 0, 0, 0, 1, 1, 0, 0, 0, 0, 0, 0, 0, 0, 0, 0, 1, 0],
 [0, 0, 0, 0, 1, 0, 0, 0, 0, 1, 0, 0, 0, 0, 1, 0, 0, 0, 0],
 [0, 0, 0, 0, 0, 1, 0, 0, 0, 0, 1, 0, 0, 1, 0, 1, 0, 0, 0],
 [0, 0, 1, 0, 0, 0, 0, 0, 0, 0, 0, 0, 0, 0, 0, 0, 0, 0, 0]
];

Trav =	[
 [0.0, 10.38, 10.38, 0.0, 0.0, 0.0, 0.0, 0.0, 0.0, 0.0, 0.0, 0.0, 0.0, 0.0, 0.0, 0.0, 0.0, 0.0, 0.0],
 [10.38, 0.0, 7.86, 0.0, 0.0, 0.0, 0.0, 0.0, 6.28, 0.0, 0.0, 10.49, 0.0, 0.0, 0.0, 0.0, 0.0, 0.0, 0.0],
 [10.38, 7.86, 0.0, 0.0, 14.5, 0.0, 0.0, 0.0, 4.13, 5.08, 0.0, 0.0, 0.0, 0.0, 0.0, 0.0, 0.0, 0.0, 10.38],
 [0.0, 0.0, 0.0, 0.0, 0.0, 0.0, 10.97, 6.23, 0.0, 0.0, 0.0, 0.0, 8.4, 0.0, 0.0, 0.0, 0.0, 0.0, 0.0],
 [0.0, 0.0, 14.5, 0.0, 0.0, 0.0, 0.0, 6.07, 0.0, 0.0, 0.0, 12.48, 0.0, 0.0, 13.07, 0.0, 5.85, 0.0, 0.0],
 [0.0, 0.0, 0.0, 0.0, 0.0, 0.0, 0.0, 0.0, 0.0, 0.0, 13.76, 0.0, 0.0, 7.55, 0.0, 11.21, 0.0, 8.23, 0.0],
 [0.0, 0.0, 0.0, 10.97, 0.0, 0.0, 0.0, 0.0, 0.0, 0.0, 0.0, 0.0, 8.02, 0.0, 0.0, 8.96, 0.0, 0.0, 0.0],
 [0.0, 0.0, 0.0, 6.23, 6.07, 0.0, 0.0, 0.0, 0.0, 0.0, 0.0, 0.0, 0.0, 0.0, 9.96, 0.0, 0.0, 0.0, 0.0],
 [0.0, 6.28, 4.13, 0.0, 0.0, 0.0, 0.0, 0.0, 0.0, 0.0, 0.0, 10.68, 0.0, 0.0, 0.0, 0.0, 0.0, 0.0, 0.0],
 [0.0, 0.0, 5.08, 0.0, 0.0, 0.0, 0.0, 0.0, 0.0, 0.0, 0.0, 0.0, 0.0, 0.0, 0.0, 0.0, 6.4, 0.0, 0.0],
 [0.0, 0.0, 0.0, 0.0, 0.0, 13.76, 0.0, 0.0, 0.0, 0.0, 0.0, 11.05, 0.0, 0.0, 0.0, 0.0, 0.0, 5.46, 0.0],
 [0.0, 10.49, 0.0, 0.0, 12.48, 0.0, 0.0, 0.0, 10.68, 0.0, 11.05, 0.0, 0.0, 0.0, 5.48, 0.0, 0.0, 0.0, 0.0],
 [0.0, 0.0, 0.0, 8.4, 0.0, 0.0, 8.02, 0.0, 0.0, 0.0, 0.0, 0.0, 0.0, 0.0, 0.0, 0.0, 0.0, 0.0, 0.0],
 [0.0, 0.0, 0.0, 0.0, 0.0, 7.55, 0.0, 0.0, 0.0, 0.0, 0.0, 0.0, 0.0, 0.0, 0.0, 0.0, 0.0, 6.86, 0.0],
 [0.0, 0.0, 0.0, 0.0, 13.07, 0.0, 0.0, 9.96, 0.0, 0.0, 0.0, 5.48, 0.0, 0.0, 0.0, 0.0, 5.82, 0.0, 0.0],
 [0.0, 0.0, 0.0, 0.0, 0.0, 11.21, 8.96, 0.0, 0.0, 0.0, 0.0, 0.0, 0.0, 0.0, 0.0, 0.0, 0.0, 6.76, 0.0],
 [0.0, 0.0, 0.0, 0.0, 5.85, 0.0, 0.0, 0.0, 0.0, 6.4, 0.0, 0.0, 0.0, 0.0, 5.82, 0.0, 0.0, 0.0, 0.0],
 [0.0, 0.0, 0.0, 0.0, 0.0, 8.23, 0.0, 0.0, 0.0, 0.0, 5.46, 0.0, 0.0, 6.86, 0.0, 6.76, 0.0, 0.0, 0.0],
 [0.0, 0.0, 10.38, 0.0, 0.0, 0.0, 0.0, 0.0, 0.0, 0.0, 0.0, 0.0, 0.0, 0.0, 0.0, 0.0, 0.0, 0.0, 0.0]
];

Edep =	[
 [0.0, 0.68, 0.68, 0.0, 0.0, 0.0, 0.0, 0.0, 0.0, 0.0, 0.0, 0.0, 0.0, 0.0, 0.0, 0.0, 0.0, 0.0, 0.0],
 [0.68, 0.0, 0.57, 0.0, 0.0, 0.0, 0.0, 0.0, 0.64, 0.0, 0.0, 0.66, 0.0, 0.0, 0.0, 0.0, 0.0, 0.0, 0.0],
 [0.68, 0.57, 0.0, 0.0, 0.87, 0.0, 0.0, 0.0, 0.91, 0.38, 0.0, 0.0, 0.0, 0.0, 0.0, 0.0, 0.0, 0.0, 0.68],
 [0.0, 0.0, 0.0, 0.0, 0.0, 0.0, 0.97, 0.48, 0.0, 0.0, 0.0, 0.0, 0.65, 0.0, 0.0, 0.0, 0.0, 0.0, 0.0],
 [0.0, 0.0, 0.87, 0.0, 0.0, 0.0, 0.0, 0.56, 0.0, 0.0, 0.0, 0.75, 0.0, 0.0, 0.8, 0.0, 0.42, 0.0, 0.0],
 [0.0, 0.0, 0.0, 0.0, 0.0, 0.0, 0.0, 0.0, 0.0, 0.0, 0.9, 0.0, 0.0, 0.52, 0.0, 0.92, 0.0, 0.73, 0.0],
 [0.0, 0.0, 0.0, 0.97, 0.0, 0.0, 0.0, 0.0, 0.0, 0.0, 0.0, 0.0, 0.77, 0.0, 0.0, 0.92, 0.0, 0.0, 0.0],
 [0.0, 0.0, 0.0, 0.48, 0.56, 0.0, 0.0, 0.0, 0.0, 0.0, 0.0, 0.0, 0.0, 0.0, 0.75, 0.0, 0.0, 0.0, 0.0],
 [0.0, 0.64, 0.91, 0.0, 0.0, 0.0, 0.0, 0.0, 0.0, 0.0, 0.0, 0.83, 0.0, 0.0, 0.0, 0.0, 0.0, 0.0, 0.0],
 [0.0, 0.0, 0.38, 0.0, 0.0, 0.0, 0.0, 0.0, 0.0, 0.0, 0.0, 0.0, 0.0, 0.0, 0.0, 0.0, 0.54, 0.0, 0.0],
 [0.0, 0.0, 0.0, 0.0, 0.0, 0.9, 0.0, 0.0, 0.0, 0.0, 0.0, 0.83, 0.0, 0.0, 0.0, 0.0, 0.0, 0.4, 0.0],
 [0.0, 0.66, 0.0, 0.0, 0.75, 0.0, 0.0, 0.0, 0.83, 0.0, 0.83, 0.0, 0.0, 0.0, 0.36, 0.0, 0.0, 0.0, 0.0],
 [0.0, 0.0, 0.0, 0.65, 0.0, 0.0, 0.77, 0.0, 0.0, 0.0, 0.0, 0.0, 0.0, 0.0, 0.0, 0.0, 0.0, 0.0, 0.0],
 [0.0, 0.0, 0.0, 0.0, 0.0, 0.52, 0.0, 0.0, 0.0, 0.0, 0.0, 0.0, 0.0, 0.0, 0.0, 0.0, 0.0, 0.56, 0.0],
 [0.0, 0.0, 0.0, 0.0, 0.8, 0.0, 0.0, 0.75, 0.0, 0.0, 0.0, 0.36, 0.0, 0.0, 0.0, 0.0, 0.38, 0.0, 0.0],
 [0.0, 0.0, 0.0, 0.0, 0.0, 0.92, 0.92, 0.0, 0.0, 0.0, 0.0, 0.0, 0.0, 0.0, 0.0, 0.0, 0.0, 0.7, 0.0],
 [0.0, 0.0, 0.0, 0.0, 0.42, 0.0, 0.0, 0.0, 0.0, 0.54, 0.0, 0.0, 0.0, 0.0, 0.38, 0.0, 0.0, 0.0, 0.0],
 [0.0, 0.0, 0.0, 0.0, 0.0, 0.73, 0.0, 0.0, 0.0, 0.0, 0.4, 0.0, 0.0, 0.56, 0.0, 0.7, 0.0, 0.0, 0.0],
 [0.0, 0.0, 0.68, 0.0, 0.0, 0.0, 0.0, 0.0, 0.0, 0.0, 0.0, 0.0, 0.0, 0.0, 0.0, 0.0, 0.0, 0.0, 0.0]
];
		
Ebox =	[
 [0.0, 0.07, 0.07, 0.0, 0.0, 0.0, 0.0, 0.0, 0.0, 0.0, 0.0, 0.0, 0.0, 0.0, 0.0, 0.0, 0.0, 0.0, 0.0],
 [0.07, 0.0, 0.07, 0.0, 0.0, 0.0, 0.0, 0.0, 0.12, 0.0, 0.0, 0.06, 0.0, 0.0, 0.0, 0.0, 0.0, 0.0, 0.0],
 [0.07, 0.07, 0.0, 0.0, 0.08, 0.0, 0.0, 0.0, 0.11, 0.05, 0.0, 0.0, 0.0, 0.0, 0.0, 0.0, 0.0, 0.0, 0.07],
 [0.0, 0.0, 0.0, 0.0, 0.0, 0.0, 0.15, 0.06, 0.0, 0.0, 0.0, 0.0, 0.08, 0.0, 0.0, 0.0, 0.0, 0.0, 0.0],
 [0.0, 0.0, 0.08, 0.0, 0.0, 0.0, 0.0, 0.09, 0.0, 0.0, 0.0, 0.07, 0.0, 0.0, 0.07, 0.0, 0.05, 0.0, 0.0],
 [0.0, 0.0, 0.0, 0.0, 0.0, 0.0, 0.0, 0.0, 0.0, 0.0, 0.09, 0.0, 0.0, 0.06, 0.0, 0.13, 0.0, 0.11, 0.0],
 [0.0, 0.0, 0.0, 0.15, 0.0, 0.0, 0.0, 0.0, 0.0, 0.0, 0.0, 0.0, 0.13, 0.0, 0.0, 0.17, 0.0, 0.0, 0.0],
 [0.0, 0.0, 0.0, 0.06, 0.09, 0.0, 0.0, 0.0, 0.0, 0.0, 0.0, 0.0, 0.0, 0.0, 0.09, 0.0, 0.0, 0.0, 0.0],
 [0.0, 0.12, 0.11, 0.0, 0.0, 0.0, 0.0, 0.0, 0.0, 0.0, 0.0, 0.1, 0.0, 0.0, 0.0, 0.0, 0.0, 0.0, 0.0],
 [0.0, 0.0, 0.05, 0.0, 0.0, 0.0, 0.0, 0.0, 0.0, 0.0, 0.0, 0.0, 0.0, 0.0, 0.0, 0.0, 0.08, 0.0, 0.0],
 [0.0, 0.0, 0.0, 0.0, 0.0, 0.09, 0.0, 0.0, 0.0, 0.0, 0.0, 0.1, 0.0, 0.0, 0.0, 0.0, 0.0, 0.05, 0.0],
 [0.0, 0.06, 0.0, 0.0, 0.07, 0.0, 0.0, 0.0, 0.1, 0.0, 0.1, 0.0, 0.0, 0.0, 0.04, 0.0, 0.0, 0.0, 0.0],
 [0.0, 0.0, 0.0, 0.08, 0.0, 0.0, 0.13, 0.0, 0.0, 0.0, 0.0, 0.0, 0.0, 0.0, 0.0, 0.0, 0.0, 0.0, 0.0],
 [0.0, 0.0, 0.0, 0.0, 0.0, 0.06, 0.0, 0.0, 0.0, 0.0, 0.0, 0.0, 0.0, 0.0, 0.0, 0.0, 0.0, 0.08, 0.0],
 [0.0, 0.0, 0.0, 0.0, 0.07, 0.0, 0.0, 0.09, 0.0, 0.0, 0.0, 0.04, 0.0, 0.0, 0.0, 0.0, 0.04, 0.0, 0.0],
 [0.0, 0.0, 0.0, 0.0, 0.0, 0.13, 0.17, 0.0, 0.0, 0.0, 0.0, 0.0, 0.0, 0.0, 0.0, 0.0, 0.0, 0.13, 0.0],
 [0.0, 0.0, 0.0, 0.0, 0.05, 0.0, 0.0, 0.0, 0.0, 0.08, 0.0, 0.0, 0.0, 0.0, 0.04, 0.0, 0.0, 0.0, 0.0],
 [0.0, 0.0, 0.0, 0.0, 0.0, 0.11, 0.0, 0.0, 0.0, 0.0, 0.05, 0.0, 0.0, 0.08, 0.0, 0.13, 0.0, 0.0, 0.0],
 [0.0, 0.0, 0.07, 0.0, 0.0, 0.0, 0.0, 0.0, 0.0, 0.0, 0.0, 0.0, 0.0, 0.0, 0.0, 0.0, 0.0, 0.0, 0.0]
];