// solution (optimal) with objective 1429.61000565251
// Quality Incumbent solution:
// MIQCP objective                                1.4296100057e+03
// MIQCP solution norm |x| (Total, Max)           2.99091e+04  1.53260e+02
// MIQCP solution error (Ax=b) (Total, Max)       7.78493e-09  2.61433e-12
// MIQCP solution error (x'Qx+dx=f) (Total, Max)  5.04195e-09  1.86873e-12
// MIQCP x bound error (Total, Max)               0.00000e+00  0.00000e+00
// MIQCP x integrality error (Total, Max)         2.35600e-07  3.84470e-09
// MIQCP slack bound error (Total, Max)           0.00000e+00  0.00000e+00
// MIQCP quad. slack bound error (Total, Max)     6.80777e-07  1.06085e-07
// 

T = [0
         4.9 11.31 16.48 24.19 32.84 41.88 50.89 63.42 71.78 82.56 97.87 108.64
         121.47 126.5 132.18 141.08 148.36 153.26];
C = [[0 0 0 0 0 0 0 0 0 0 0 0 0 0 0 0 0 0 0]
             [0 0 0 0 0 0 0 0 0 0 0 0 0 0 0 0 0 0 0]
             [0 0 0 0 0 0 0 0 0 0 0 0 0 0 0 0 0 0 0]
             [0 0 0 0 0 0 0 0 0 0 0 0 0 0 0 0 0 0 0]
             [0 0 0 0 0 0 0 0 0 0 0 0 0 0 0 0 0 0 0]
             [0 0 0 0 0 0 0 0 0 0 0 0 0 0 0 0 0 0 0]
             [0 0 0 0 0 0 0 0 0 0 0 0 0 0 0 0 0 0 0]
             [0 0 0 0 0 0 0 0 0 0 0 0 0 0 0 0 0 0 0]
             [0 0 0 0 0 0 0 0 0 0 0 0 0 0 0 0 0 0 0]
             [0 0 0 0 0 0 0 0 0 0 0 0 0 0 0 0 0 0 0]
             [0 0 0 0 0 0 0 0 0 0 0 0 0 0 0 0 0 0 0]
             [0 0 0 1.396e-7 1.3859e-7 1.5148e-7 1.7847e-7 1.8507e-7 1.8326e-7
             1.8656e-7 1.8749e-7 1.8388e-7 1.8367e-7 1.8411e-7 1.8314e-7 1.8146e-7
             1.8601e-7 1.8565e-7 0]
             [0 0 0 0 0 0 0 0 0 0 0 0 0 0 0 0 0 0 0]
             [0 0 0 0 8.8109e-8 1.6352e-7 1.8028e-7 1.8507e-7 1.8325e-7 1.8654e-7
             1.8749e-7 1.8388e-7 1.8367e-7 1.8411e-7 1.8313e-7 1.8146e-7 1.8601e-7
             1.8565e-7 0]
             [0 0 0 0 0 0 0 0 0 0 0 0 0 0 0 0 0 0 0]
             [0 0 0 0 0 0 0 0 0 0 0 0 0 0 0 0 0 0 0]
             [0 0 0 0 0 0 1.8218e-7 1.9209e-7 1.8993e-7 1.9224e-7 1.8933e-7
             1.861e-7 1.837e-7 1.8413e-7 1.8314e-7 1.815e-7 1.8608e-7 1.8574e-7
             0]
             [0 0 0 0 0 0 1.8441e-7 1.8315e-7 1.9046e-7 1.886e-7 1.8968e-7
             1.8394e-7 1.8371e-7 1.8415e-7 1.8316e-7 1.8152e-7 1.8608e-7 1.8573e-7
             0]
             [0 0 0 0 0 0 0 0 0 0 0 0 0 0 0 0 0 0 0]
             [0 0 0 0 0 0 0 0 0 0 0 0 0 0 0 0 0 0 0]
             [0 0 0 0 0 0 0 0 0 0 0 0 0 0 0 0 0 0 0]
             [0 0 0 0 0 0 0 0 0 0 0 0 0 0 0 0 0 0 0]
             [0 0 0 0 0 0 0 0 0 0 0 0 0 0 0 0 0 0 0]
             [0 0 0 0 0 0 1.8185e-7 1.8508e-7 1.833e-7 1.9069e-7 1.8741e-7
             1.8631e-7 1.8367e-7 1.8409e-7 1.8311e-7 1.8144e-7 1.8601e-7 1.8566e-7
             0]
             [0 0 0 0 0 0 0 0 0 0 0 0 0 0 0 0 0 0 0]];
P = [[1 0 0 0 0 0 0 0 0 0 0 0 0 0 0 0 0 0 0]
             [0 1 0 0 0 0 0 0 0 0 0 0 0 0 0 0 0 0 0]
             [0 0 0 0 0 0 0 0 0 0 0 0 0 0 0 0 0 1 0]
             [0 0 0 0 0 0 0 0 0 0 0 0 0 0 1 0 0 0 0]
             [0 0 0 0 0 0 0 0 0 0 0 0 0 0 0 0 1 0 0]
             [0 0 0 0 0 0 0 0 1 0 0 0 0 0 0 0 0 0 0]
             [0 0 0 0 0 0 0 0 0 0 1 0 0 0 0 0 0 0 0]
             [0 0 1 0 0 0 0 0 0 0 0 0 0 0 0 0 0 0 0]
             [0 0 0 1 0 0 0 0 0 0 0 0 0 0 0 0 0 0 0]
             [0 0 0 0 0 1 0 0 0 0 0 0 0 0 0 0 0 0 0]
             [0 0 0 0 0 0 1 0 0 0 0 0 0 0 0 0 0 0 0]
             [0 0 0 0 0 0 0 0 0 0 0 0 0 0 0 0 0 0 0]
             [0 0 0 0 0 0 0 0 0 0 0 0 1 0 0 0 0 0 0]
             [0 0 0 0 1 0 0 0 0 0 0 0 0 0 0 0 0 0 0]
             [0 0 0 0 0 0 0 0 0 1 0 0 0 0 0 0 0 0 0]
             [0 0 0 0 0 0 0 0 0 0 0 0 0 0 0 0 0 0 0]
             [0 0 0 0 0 0 0 0 0 0 0 0 0 0 0 0 0 0 0]
             [0 0 0 0 0 0 0 0 0 0 0 0 0 0 0 0 0 0 0]
             [0 0 0 0 0 0 0 0 0 0 0 1 0 0 0 0 0 0 0]
             [0 0 0 0 0 0 0 0 0 0 0 0 0 0 0 1 0 0 0]
             [0 0 0 0 0 0 0 1 0 0 0 0 0 0 0 0 0 0 0]
             [0 0 0 0 0 0 0 0 0 0 0 0 0 1 0 0 0 0 0]
             [0 0 0 0 0 0 0 0 0 0 0 0 0 0 0 0 0 0 0]
             [0 0 0 0 0 0 0 0 0 0 0 0 0 0 0 0 0 0 0]
             [0 0 0 0 0 0 0 0 0 0 0 0 0 0 0 0 0 0 1]];
Y = [[0 0 0 0 0 0 0 0 0 0 0 0 0 0 0 0 0 0 0]
             [0 0 0 0 0 0 0 0 0 0 0 0 0 0 0 0 0 0 0]
             [0 0 0 0 0 0 0 0 0 0 0 0 0 0 0 0 0 0 0]
             [0 0 0 0 0 0 0 0 0 0 0 0 0 0 0 0 0 0 0]
             [0 0 0 0 0 0 0 0 0 0 0 0 0 0 0 0 0 0 0]
             [0 0 0 0 0 0 0 0 0 0 0 0 0 0 0 0 0 0 0]
             [0 0 0 0 0 0 0 0 0 0 0 0 0 0 0 0 0 0 0]
             [0 0 0 0 0 0 0 0 0 0 0 0 0 0 0 0 0 0 0]
             [0 0 0 0 0 0 0 0 0 0 0 0 0 0 0 0 0 0 0]
             [0 0 0 0 0 0 0 0 0 0 0 0 0 0 0 0 0 0 0]
             [0 0 0 0 0 0 0 0 0 0 0 0 0 0 0 0 0 0 0]
             [0 0 0 0 0 0 0 0 0 0 0 0 0 0 0 0 0 0 0]
             [0 0 0 0 0 0 0 0 0 0 0 0 0 0 0 0 0 0 0]
             [0 0 0 0 0 0 0 0 0 0 0 0 0 0 0 0 0 0 0]
             [0 0 0 0 0 0 0 0 0 0 0 0 0 0 0 0 0 0 0]
             [0 0 0 0 0 0 0 0 0 0 0 0 0 0 0 0 0 0 0]
             [0 0 0 0 0 0 0 0 0 0 0 0 0 0 0 0 0 0 0]
             [0 0 0 0 0 0 0 0 0 0 0 0 0 0 0 0 0 0 0]
             [0 0 0 0 0 0 0 0 0 0 0 0 0 0 0 0 0 0 0]
             [0 0 0 0 0 0 0 0 0 0 0 0 0 0 0 0 0 0 0]
             [0 0 0 0 0 0 0 0 0 0 0 0 0 0 0 0 0 0 0]
             [0 0 0 0 0 0 0 0 0 0 0 0 0 0 0 0 0 0 0]
             [0 0 0 0 0 0 0 0 0 0 0 0 0 0 0 0 0 0 0]
             [0 0 0 0 0 0 0 0 0 0 0 0 0 0 0 0 0 0 0]
             [0 0 0 0 0 0 0 0 0 0 0 0 0 0 0 0 0 0 0]];
E = [[100 20 95.315 95.089 92.509 93.599 91.225 80.096 72.415 67.665 64.466
             62.147 60.004 57.837 55.231 51.626 48.368 38.324 22.234]
             [100 96.238 95.316 94.589 92.511 93.6 91.223 80.095 72.41 67.661
             64.462 62.142 59.999 57.837 55.192 53.519 48.371 36.558 22.239]
             [100 91.339 95.765 95.087 92.505 93.6 91.223 80.095 72.408 67.659
             64.46 62.14 59.962 59.674 55.187 51.875 49.861 39.257 22.157]
             [100 20 95.747 95.088 92.508 93.599 91.224 80.095 72.413 67.663
             64.465 62.111 61.733 61.138 49.195 50.338 46.717 36.582 22.238]
             [100 20 95.315 95.09 92.505 93.6 91.223 80.095 72.409 67.659 64.461
             62.092 62.528 59.622 55.45 53.472 42.645 35.2 22.241]
             [100 20 20 20 20 20 90.649 83.394 68.692 64.555 62.883 62.171
             59.999 57.82 56.057 51.644 46.405 38.363 22.384]
             [100 20 20 20 20 92.902 91.234 80.064 74.2 70.917 62.104 58.35
             58.476 57.864 55.226 51.66 46.404 38.362 22.383]
             [100 20 90.933 93.989 91.655 93.606 91.223 80.095 72.41 67.66
             64.461 62.142 59.999 57.836 55.227 51.659 46.405 38.361 22.384]
             [100 20 20 86.908 90.645 93.33 91.225 80.095 72.407 67.658 64.424
             63.907 59.994 56.248 55.257 51.659 46.407 38.365 22.385]
             [100 20 20 20 20 79.11 89.223 80.498 72.433 65.995 64.492 62.141
             59.998 57.834 55.225 51.658 46.404 38.362 22.383]
             [100 20 20 20 20 20 75.589 77.091 70.777 67.693 64.463 62.143
             60 57.835 55.228 51.661 46.404 38.36 22.382]
             [100 20 20 94.781 93.612 93.867 92.02 82.195 74.744 69.954 66.823
             64.596 62.532 60.452 58.033 54.685 49.152 40.884 22.379]
             [100 20 20 20 90.645 93.615 91.224 80.095 72.412 67.63 66.155
             65.374 55.555 54.796 53.707 51.691 46.405 38.36 22.382]
             [100 20 20 20 82.997 92.828 91.135 82.212 74.743 69.954 66.823
             64.595 62.531 60.454 58.034 54.685 49.153 40.885 22.38]
             [100 20 20 20 20 20 90.219 81.962 75.734 65.397 61.391 60.583
             60.032 57.836 55.229 51.662 46.404 38.358 22.381]
             [100 20 20 93.989 91.658 93.606 91.224 80.096 72.414 67.665 64.465
             62.146 60.004 57.836 55.231 51.663 46.403 38.357 22.38]
             [100 20 20 20 20 20 91.345 83.499 76.454 70.524 65.563 63.312
             62.552 60.45 58.023 54.669 49.155 40.899 22.383]
             [100 20 20 20 20 20 90.425 82.373 76.535 68.591 65.513 64.617
             62.527 60.453 58.024 54.67 49.157 40.899 22.384]
             [100 20 20 20 91.637 93.607 91.224 80.096 72.382 69.382 67.687
             58.707 58.658 56.308 53.682 51.693 46.404 38.357 22.38]
             [100 20 20 94.568 92.514 93.599 91.225 80.096 72.415 67.666 64.467
             62.146 59.986 58.757 58.57 45.916 43.238 36.634 22.381]
             [100 20 20 20 20 20 20 72.263 69.296 66.056 64.496 62.146 60.004
             57.837 55.231 51.663 46.404 38.357 22.38]
             [100 20 20 94.57 92.519 93.599 91.224 80.096 72.415 67.632 66.184
             63.842 61.739 52.295 52.143 51.996 46.428 36.593 22.383]
             [100 20 20 93.987 91.655 93.607 91.223 80.095 72.41 67.661 64.426
             63.915 59.997 56.244 55.261 51.661 46.406 38.362 22.383]
             [100 20 20 20 20 20 91.332 82.206 74.7 71.538 66.859 63.278 62.559
             60.455 58.032 54.686 49.156 40.89 22.381]
             [100 20 95.747 95.087 92.51 93.599 91.225 80.096 72.417 67.667
             64.468 62.148 60.006 57.837 55.233 51.629 48.31 41.551 34.653]];
Echarg = [[0 0 0 0 0 0 0 0 0 0 0 0 0 0 0 0 0 0 0]
             [0 0 0 0 0 0 0 0 0 0 0 0 0 0 0 0 0 0 0]
             [0 0 0 0 0 0 0 0 0 0 0 0 0 0 0 0 0 0 0]
             [0 0 0 0 0 0 0 0 0 0 0 0 0 0 0 0 0 0 0]
             [0 0 0 0 0 0 0 0 0 0 0 0 0 0 0 0 0 0 0]
             [0 0 0 0 0 0 0 0 0 0 0 0 0 0 0 0 0 0 0]
             [0 0 0 0 0 0 0 0 0 0 0 0 0 0 0 0 0 0 0]
             [0 0 0 0 0 0 0 0 0 0 0 0 0 0 0 0 0 0 0]
             [0 0 0 0 0 0 0 0 0 0 0 0 0 0 0 0 0 0 0]
             [0 0 0 0 0 0 0 0 0 0 0 0 0 0 0 0 0 0 0]
             [0 0 0 0 0 0 0 0 0 0 0 0 0 0 0 0 0 0 0]
             [0 0 0 2.7198e-8 2.6719e-8 3.1462e-8 4.1001e-8 4.3623e-8 4.3091e-8
             4.4375e-8 4.4761e-8 4.2793e-8 4.2669e-8 4.276e-8 4.2358e-8 4.1683e-8
             4.4699e-8 4.4188e-8 0]
             [0 0 0 0 0 0 0 0 0 0 0 0 0 0 0 0 0 0 0]
             [0 0 0 0 1.3018e-8 3.5898e-8 4.1605e-8 4.3626e-8 4.3088e-8 4.4368e-8
             4.4763e-8 4.2796e-8 4.2671e-8 4.2762e-8 4.2358e-8 4.1684e-8 4.4704e-8
             4.419e-8 0]
             [0 0 0 0 0 0 0 0 0 0 0 0 0 0 0 0 0 0 0]
             [0 0 0 0 0 0 0 0 0 0 0 0 0 0 0 0 0 0 0]
             [0 0 0 0 0 0 4.2475e-8 4.6586e-8 4.521e-8 4.6349e-8 4.5476e-8
             4.3656e-8 4.2665e-8 4.2749e-8 4.2342e-8 4.1687e-8 4.473e-8 4.4221e-8
             0]
             [0 0 0 0 0 0 4.3269e-8 4.2971e-8 4.5459e-8 4.5386e-8 4.5682e-8
             4.2811e-8 4.2672e-8 4.2763e-8 4.2356e-8 4.1702e-8 4.4741e-8 4.4222e-8
             0]
             [0 0 0 0 0 0 0 0 0 0 0 0 0 0 0 0 0 0 0]
             [0 0 0 0 0 0 0 0 0 0 0 0 0 0 0 0 0 0 0]
             [0 0 0 0 0 0 0 0 0 0 0 0 0 0 0 0 0 0 0]
             [0 0 0 0 0 0 0 0 0 0 0 0 0 0 0 0 0 0 0]
             [0 0 0 0 0 0 0 0 0 0 0 0 0 0 0 0 0 0 0]
             [0 0 0 0 0 0 4.2348e-8 4.3631e-8 4.3107e-8 4.5914e-8 4.4698e-8
             4.3792e-8 4.2673e-8 4.2755e-8 4.2346e-8 4.1675e-8 4.4708e-8 4.4196e-8
             0]
             [0 0 0 0 0 0 0 0 0 0 0 0 0 0 0 0 0 0 0]];
B = [[0 0 0 0 0 0 0 0 0 0 0 0 0 0 0 0 0 0 0]
             [0 0 0 0 0 0 0 0 0 0 0 0 0 0 0 0 0 0 0]
             [0 0 0 0 0 0 0 0 0 0 0 0 0 0 0 0 0 0 0]
             [0 0 0 0 0 0 0 0 0 0 0 0 0 0 0 0 0 0 0]
             [0 0 0 0 0 0 0 0 0 0 0 0 0 0 0 0 1 0 0]
             [0 0 0 0 0 0 0 0 0 0 0 0 0 0 0 0 0 0 0]
             [0 0 0 0 0 0 0 0 0 0 1 0 0 0 0 0 0 0 0]
             [0 0 0 0 0 0 0 0 0 0 0 0 0 0 0 0 0 0 0]
             [0 0 0 1 0 0 0 0 0 0 0 0 0 0 0 0 0 0 0]
             [0 0 0 0 0 1 0 0 0 0 0 0 0 0 0 0 0 0 0]
             [0 0 0 0 0 0 0 0 0 0 0 0 0 0 0 0 0 0 0]
             [0 0 0 0 0 0 0 0 0 0 0 0 0 0 0 0 0 0 0]
             [0 0 0 0 0 0 0 0 0 0 0 0 1 0 0 0 0 0 0]
             [0 0 0 0 0 0 0 0 0 0 0 0 0 0 0 0 0 0 0]
             [0 0 0 0 0 0 0 0 0 1 0 0 0 0 0 0 0 0 0]
             [0 0 0 0 0 0 0 0 0 0 0 0 0 0 0 0 0 0 0]
             [0 0 0 0 0 0 0 0 0 0 0 0 0 0 0 0 0 0 0]
             [0 0 0 0 0 0 0 0 0 0 0 0 0 0 0 0 0 0 0]
             [0 0 0 0 0 0 0 0 0 0 0 1 0 0 0 0 0 0 0]
             [0 0 0 0 0 0 0 0 0 0 0 0 0 0 0 1 0 0 0]
             [0 0 0 0 0 0 0 1 0 0 0 0 0 0 0 0 0 0 0]
             [0 0 0 0 0 0 0 0 0 0 0 0 0 1 0 0 0 0 0]
             [0 0 0 0 0 0 0 0 0 0 0 0 0 0 0 0 0 0 0]
             [0 0 0 0 0 0 0 0 0 0 0 0 0 0 0 0 0 0 0]
             [0 0 0 0 0 0 0 0 0 0 0 0 0 0 0 0 0 0 0]];
O = [0 0 0 1 1 2 2 3 3 4 5 6 7 8 8 9 10 10 10];
