// solution (optimal) with objective 719.790037166162
// Quality Incumbent solution:
// MIQCP objective                                7.1979003717e+02
// MIQCP solution norm |x| (Total, Max)           1.26570e+04  1.14150e+02
// MIQCP solution error (Ax=b) (Total, Max)       2.33130e-09  2.61269e-12
// MIQCP solution error (x'Qx+dx=f) (Total, Max)  1.65271e-09  2.55973e-12
// MIQCP x bound error (Total, Max)               0.00000e+00  0.00000e+00
// MIQCP x integrality error (Total, Max)         9.56098e-08  3.99381e-09
// MIQCP slack bound error (Total, Max)           0.00000e+00  0.00000e+00
// MIQCP quad. slack bound error (Total, Max)     5.77309e-05  3.97663e-05
// 

T = [0
         11.05 21.62 29.92 33.87 45.69 53.47 60.04 71.65 81.38 93.85 103.1
         114.15];
C = [[0 0 0 0 0 0 0 0 0 0 0 0 0]
             [0 0 0 0 0 0 0 0 0 0 0 0 0]
             [0 0 0 0 0 0 0 0 0 0 0 0 0]
             [0 0 0 0 0 0 0 0 0 0 0 0 0]
             [0 0 0 0 0 0 0 0 0 0 0 0 0]
             [0 0 0 0 0 0 0 0 0 0 0 0 0]
             [0 0 0 1.9258e-7 1.2078e-7 1.9729e-7 1.9789e-7 1.8965e-7 1.9049e-7
             1.8954e-7 1.8851e-7 1.7752e-7 0]
             [0 0 0 0 0 0 0 0 0 0 0 0 0]
             [0 0 0 0 0 0 0 0 0 0 0 0 0]
             [0 0 0 0 0 0 0 0 0 0 0 0 0]
             [0 0 0 0 0 0 0 0 0 0 0 0 0]
             [0 0 0 0 0 0 0 0 0 0 0 0 0]
             [0 0 0 1.7699e-7 1.8179e-7 1.8892e-7 1.9551e-7 1.9314e-7 1.9969e-7
             1.3846e-7 1.9056e-7 1.7897e-7 0]
             [0 0 0 0 0 0 0 0 0 0 0 0 0]
             [0 0 0 0 1.8059e-7 1.8796e-7 1.8804e-7 1.8956e-7 1.9051e-7 1.8953e-7
             1.8849e-7 1.7753e-7 0]
             [0 0 0 0 0 0 0 0 0 0 0 0 0]
             [0 0 0 0 0 0 0 0 0 0 0 0 0]];
P = [[1 0 0 0 0 0 0 0 0 0 0 0 0]
             [0 0 0 0 0 0 0 0 0 0 0 0 0]
             [0 1 0 0 0 0 0 0 0 0 0 1 0]
             [0 0 0 0 0 0 0 0 0 0 0 0 0]
             [0 0 0 0 0 0 0 0 0 0 0 0 0]
             [0 0 1 0 0 0 0 0 0 0 0 0 0]
             [0 0 0 0 1 0 0 0 0 0 0 0 0]
             [0 0 0 0 0 0 0 1 0 0 0 0 0]
             [0 0 0 1 0 0 0 0 0 0 0 0 0]
             [0 0 0 0 0 0 0 0 0 0 1 0 0]
             [0 0 0 0 0 1 0 0 0 0 0 0 0]
             [0 0 0 0 0 0 0 0 1 0 0 0 0]
             [0 0 0 0 0 0 0 0 0 1 0 0 0]
             [0 0 0 0 0 0 0 0 0 0 0 0 0]
             [0 0 0 0 0 0 0 0 0 0 0 0 0]
             [0 0 0 0 0 0 1 0 0 0 0 0 0]
             [0 0 0 0 0 0 0 0 0 0 0 0 1]];
Y = [[0 0 0 0 0 0 0 0 0 0 0 0 0]
             [0 0 0 0 0 0 0 0 0 0 0 0 0]
             [0 0 0 0 0 0 0 0 0 0 0 0 0]
             [0 0 0 0 0 0 0 0 0 0 0 0 0]
             [0 0 0 0 0 0 0 0 0 0 0 0 0]
             [0 0 0 0 0 0 0 0 0 0 0 0 0]
             [0 0 0 0 0 0 0 0 0 0 0 0 0]
             [0 0 0 0 0 0 0 0 0 0 0 0 0]
             [0 0 0 0 0 0 0 0 0 0 0 0 0]
             [0 0 0 0 0 0 0 0 0 0 0 0 0]
             [0 0 0 0 0 0 0 0 0 0 0 0 0]
             [0 0 0 0 0 0 0 0 0 0 0 0 0]
             [0 0 0 0 0 0 0 0 0 0 0 0 0]
             [0 0 0 0 0 0 0 0 0 0 0 0 0]
             [0 0 0 0 0 0 0 0 0 0 0 0 0]
             [0 0 0 0 0 0 0 0 0 0 0 0 0]
             [0 0 0 0 0 0 0 0 0 0 0 0 0]];
E = [[100 20 95.486 95.241 86.456 71.884 66.783 62.773 59.315 55.002 51.466
             41.385 23.178]
             [20 91.735 95.941 95.239 86.428 73.465 66.745 62.769 59.243 57.836
             51.466 38.609 23.186]
             [20 93.285 95.479 95.248 86.452 71.87 66.782 62.766 59.246 57.777
             53.809 43.42 22.995]
             [20 20 95.917 95.238 86.457 71.886 66.783 62.777 59.242 57.906
             48.487 38.664 23.544]
             [20 20 20 20 87.124 71.939 64.035 62.842 59.314 55.077 48.489
             41.447 23.537]
             [20 20 84.444 94.911 87.065 73.572 64.055 60.13 59.384 54.996
             51.466 41.394 23.182]
             [20 20 20 96.062 74.937 70.833 66.415 65.114 61.519 57.298 50.727
             43.767 23.53]
             [20 20 20 94.685 86.421 74.693 71.713 62.149 56.887 55.265 47.216
             38.691 23.547]
             [20 20 20 79.057 82.433 70.595 66.81 62.766 59.316 55.071 48.488
             41.452 23.541]
             [20 20 95.483 95.238 86.456 71.802 69.506 62.705 59.243 60.192
             49.043 36.656 23.19]
             [20 20 20 95.377 90.167 69.623 61.757 60.108 62.094 55.033 47.154
             41.481 23.541]
             [20 20 20 20 84.57 71.854 69.384 67.682 58.069 50.061 47.282 41.472
             23.537]
             [20 20 20 95.134 89.446 74.86 67.431 66.092 62.069 54.225 46.78
             40.897 23.538]
             [20 20 20 20 82.414 71.968 66.78 62.77 59.315 55.075 48.489 41.45
             23.539]
             [20 20 20 20 85.31 74.95 69.162 65.067 61.521 57.301 50.728 43.765
             23.529]
             [20 20 20 94.686 87.67 77.133 65.828 57.825 56.762 55.14 48.489
             41.449 23.538]
             [20 20 95.486 95.24 86.458 71.888 66.783 62.776 59.316 55.008
             51.338 46.477 34.509]];
Echarg = [[0 0 0 0 0 0 0 0 0 0 0 0 0]
             [0 0 0 0 0 0 0 0 0 0 0 0 0]
             [0 0 0 0 0 0 0 0 0 0 0 0 0]
             [0 0 0 0 0 0 0 0 0 0 0 0 0]
             [0 0 0 0 0 0 0 0 0 0 0 0 0]
             [0 0 0 0 0 0 0 0 0 0 0 0 0]
             [0 0 0 4.2389e-8 1.9177e-8 4.7121e-8 4.7656e-8 4.1376e-8 4.1353e-8
             4.1252e-8 4.0697e-8 3.6411e-8 0]
             [0 0 0 0 0 0 0 0 0 0 0 0 0]
             [0 0 0 0 0 0 0 0 0 0 0 0 0]
             [0 0 0 0 0 0 0 0 0 0 0 0 0]
             [0 0 0 0 0 0 0 0 0 0 0 0 0]
             [0 0 0 0 0 0 0 0 0 0 0 0 0]
             [0 0 0 3.632e-8 3.8092e-8 4.1172e-8 4.3706e-8 4.2506e-8 4.4642e-8
             2.2193e-8 4.1559e-8 3.6902e-8 0]
             [0 0 0 0 0 0 0 0 0 0 0 0 0]
             [0 0 0 0 3.7652e-8 4.0636e-8 4.0656e-8 4.1329e-8 4.1357e-8 4.1243e-8
             4.0689e-8 3.6416e-8 0]
             [0 0 0 0 0 0 0 0 0 0 0 0 0]
             [0 0 0 0 0 0 0 0 0 0 0 0 0]];
B = [[0 0 0 0 0 0 0 0 0 0 0 0 0]
             [0 0 0 0 0 0 0 0 0 0 0 0 0]
             [0 0 0 0 0 0 0 0 0 0 0 0 0]
             [0 0 0 0 0 0 0 0 0 0 0 0 0]
             [0 0 0 0 0 0 0 0 0 0 0 0 0]
             [0 0 1 0 0 0 0 0 0 0 0 0 0]
             [0 0 0 0 0 0 0 0 0 0 0 0 0]
             [0 0 0 0 0 0 0 0 0 0 0 0 0]
             [0 0 0 1 0 0 0 0 0 0 0 0 0]
             [0 0 0 0 0 0 0 0 0 0 1 0 0]
             [0 0 0 0 0 1 0 0 0 0 0 0 0]
             [0 0 0 0 0 0 0 0 1 0 0 0 0]
             [0 0 0 0 0 0 0 0 0 0 0 0 0]
             [0 0 0 0 0 0 0 0 0 0 0 0 0]
             [0 0 0 0 0 0 0 0 0 0 0 0 0]
             [0 0 0 0 0 0 1 0 0 0 0 0 0]
             [0 0 0 0 0 0 0 0 0 0 0 0 0]];
O = [0 0 1 2 2 3 4 4 5 5 6 6 6];
