Initial = 100; // Initial energy level at the depot
Eth = 20;	// Minimum energy level
Cswap = 50;	// Cost of swapping a module
Tswap = 2;	// Time to swap a battery module
M = 5;		// The total number of battery modules

S = 0;		// Sourse of EV
D = 36;		// Destination of EV
G = 10000;  // Large value

Nodes = 36;
Visits = 28;

Station =  [0, 0, 0, 0, 0, 0, 0, 1, 0, 1, 0, 0, 1, 1, 0, 0, 1, 0, 0, 0, 0, 0, 0, 0, 0, 0, 0, 1, 0, 0, 0, 0, 0, 0, 0, 1, 0];
Costumer = [0, 0, 0, 1, 1, 0, 1, 0, 1, 0, 1, 0, 0, 0, 1, 0, 0, 0, 0, 0, 0, 1, 1, 1, 0, 0, 0, 0, 0, 1, 1, 0, 1, 1, 1, 0, 0];

Adj = 	[
 [0, 1, 1, 0, 0, 0, 0, 0, 0, 0, 0, 0, 0, 0, 0, 0, 0, 0, 0, 0, 0, 0, 0, 0, 0, 0, 0, 0, 0, 0, 0, 0, 0, 0, 0, 0, 0],
 [1, 0, 1, 0, 0, 0, 0, 1, 0, 0, 1, 0, 0, 0, 0, 0, 0, 1, 0, 0, 0, 0, 0, 0, 0, 0, 0, 0, 0, 0, 0, 0, 0, 0, 0, 0, 0],
 [1, 1, 0, 0, 0, 0, 1, 1, 0, 0, 0, 0, 0, 0, 0, 0, 0, 0, 0, 0, 0, 0, 0, 0, 0, 0, 0, 0, 0, 1, 0, 0, 0, 0, 0, 0, 1],
 [0, 0, 0, 0, 0, 1, 0, 0, 0, 0, 0, 0, 0, 0, 1, 0, 0, 0, 0, 0, 0, 0, 0, 0, 0, 0, 0, 0, 0, 0, 0, 0, 0, 0, 1, 0, 0],
 [0, 0, 0, 0, 0, 0, 0, 0, 0, 0, 0, 1, 1, 0, 1, 0, 0, 0, 1, 0, 0, 0, 0, 0, 0, 0, 0, 0, 0, 0, 0, 0, 0, 0, 0, 0, 0],
 [0, 0, 0, 1, 0, 0, 0, 0, 0, 0, 0, 0, 0, 0, 1, 0, 1, 0, 0, 0, 0, 0, 0, 0, 0, 0, 0, 0, 0, 0, 0, 0, 0, 0, 1, 0, 0],
 [0, 0, 1, 0, 0, 0, 0, 1, 0, 0, 0, 0, 0, 0, 0, 0, 0, 0, 0, 1, 0, 1, 0, 1, 0, 0, 0, 0, 0, 0, 0, 0, 0, 0, 0, 0, 0],
 [0, 1, 1, 0, 0, 0, 1, 0, 0, 0, 0, 0, 0, 0, 0, 0, 0, 0, 0, 1, 0, 1, 0, 0, 0, 0, 0, 0, 0, 0, 0, 0, 0, 0, 0, 0, 0],
 [0, 0, 0, 0, 0, 0, 0, 0, 0, 1, 0, 0, 0, 0, 0, 1, 0, 0, 0, 0, 0, 0, 1, 0, 0, 0, 0, 0, 0, 0, 1, 0, 1, 0, 0, 0, 0],
 [0, 0, 0, 0, 0, 0, 0, 0, 1, 0, 0, 0, 0, 0, 0, 0, 0, 0, 0, 0, 1, 0, 0, 0, 0, 0, 0, 0, 0, 0, 0, 0, 0, 1, 0, 1, 0],
 [0, 1, 0, 0, 0, 0, 0, 0, 0, 0, 0, 0, 0, 0, 0, 0, 0, 1, 0, 0, 0, 0, 0, 0, 0, 1, 0, 0, 0, 1, 0, 0, 0, 0, 0, 0, 0],
 [0, 0, 0, 0, 1, 0, 0, 0, 0, 0, 0, 0, 1, 0, 0, 0, 0, 0, 1, 0, 0, 0, 0, 0, 1, 0, 1, 0, 0, 0, 0, 0, 0, 0, 0, 0, 0],
 [0, 0, 0, 0, 1, 0, 0, 0, 0, 0, 0, 1, 0, 0, 0, 0, 0, 0, 1, 0, 0, 0, 0, 0, 1, 0, 1, 0, 0, 0, 0, 0, 0, 0, 0, 0, 0],
 [0, 0, 0, 0, 0, 0, 0, 0, 0, 0, 0, 0, 0, 0, 0, 0, 0, 0, 0, 0, 1, 0, 0, 0, 0, 0, 0, 0, 0, 1, 0, 1, 0, 0, 0, 1, 0],
 [0, 0, 0, 1, 1, 1, 0, 0, 0, 0, 0, 0, 0, 0, 0, 0, 1, 0, 0, 0, 0, 0, 0, 0, 0, 0, 0, 0, 0, 0, 0, 0, 0, 0, 1, 0, 0],
 [0, 0, 0, 0, 0, 0, 0, 0, 1, 0, 0, 0, 0, 0, 0, 0, 0, 0, 0, 0, 0, 0, 0, 0, 0, 0, 0, 1, 0, 0, 1, 0, 1, 0, 0, 0, 0],
 [0, 0, 0, 0, 0, 1, 0, 0, 0, 0, 0, 0, 0, 0, 1, 0, 0, 1, 0, 0, 0, 0, 0, 1, 0, 0, 0, 0, 0, 0, 0, 0, 0, 0, 0, 0, 0],
 [0, 1, 0, 0, 0, 0, 0, 0, 0, 0, 1, 0, 0, 0, 0, 0, 1, 0, 0, 0, 0, 0, 0, 0, 0, 1, 0, 0, 0, 1, 0, 0, 0, 0, 0, 0, 0],
 [0, 0, 0, 0, 1, 0, 0, 0, 0, 0, 0, 1, 1, 0, 0, 0, 0, 0, 0, 0, 0, 0, 0, 0, 0, 0, 0, 0, 0, 0, 0, 0, 0, 0, 0, 0, 0],
 [0, 0, 0, 0, 0, 0, 1, 1, 0, 0, 0, 0, 0, 0, 0, 0, 0, 0, 0, 0, 0, 1, 0, 1, 0, 0, 0, 0, 0, 0, 0, 0, 0, 0, 0, 0, 0],
 [0, 0, 0, 0, 0, 0, 0, 0, 0, 1, 0, 0, 0, 1, 0, 0, 0, 0, 0, 0, 0, 0, 0, 0, 0, 0, 0, 0, 0, 0, 0, 1, 0, 1, 0, 1, 0],
 [0, 0, 0, 0, 0, 0, 1, 1, 0, 0, 0, 0, 0, 0, 0, 0, 0, 0, 0, 1, 0, 0, 0, 0, 0, 0, 0, 0, 0, 0, 0, 0, 0, 0, 0, 0, 0],
 [0, 0, 0, 0, 0, 0, 0, 0, 1, 0, 0, 0, 0, 0, 0, 0, 0, 0, 0, 0, 0, 0, 0, 0, 0, 1, 0, 0, 0, 0, 0, 0, 0, 1, 0, 0, 0],
 [0, 0, 0, 0, 0, 0, 1, 0, 0, 0, 0, 0, 0, 0, 0, 0, 1, 0, 0, 1, 0, 0, 0, 0, 0, 0, 0, 0, 0, 0, 0, 0, 0, 0, 1, 0, 0],
 [0, 0, 0, 0, 0, 0, 0, 0, 0, 0, 0, 1, 1, 0, 0, 0, 0, 0, 0, 0, 0, 0, 0, 0, 0, 0, 1, 0, 1, 0, 0, 0, 0, 0, 0, 0, 0],
 [0, 0, 0, 0, 0, 0, 0, 0, 0, 0, 1, 0, 0, 0, 0, 0, 0, 1, 0, 0, 0, 0, 1, 0, 0, 0, 0, 0, 0, 0, 0, 0, 0, 0, 0, 0, 0],
 [0, 0, 0, 0, 0, 0, 0, 0, 0, 0, 0, 1, 1, 0, 0, 0, 0, 0, 0, 0, 0, 0, 0, 0, 1, 0, 0, 1, 1, 0, 0, 0, 0, 0, 0, 0, 0],
 [0, 0, 0, 0, 0, 0, 0, 0, 0, 0, 0, 0, 0, 0, 0, 1, 0, 0, 0, 0, 0, 0, 0, 0, 0, 0, 1, 0, 1, 0, 0, 0, 1, 0, 0, 0, 0],
 [0, 0, 0, 0, 0, 0, 0, 0, 0, 0, 0, 0, 0, 0, 0, 0, 0, 0, 0, 0, 0, 0, 0, 0, 1, 0, 1, 1, 0, 0, 0, 0, 1, 0, 0, 0, 0],
 [0, 0, 1, 0, 0, 0, 0, 0, 0, 0, 1, 0, 0, 1, 0, 0, 0, 1, 0, 0, 0, 0, 0, 0, 0, 0, 0, 0, 0, 0, 0, 0, 0, 0, 0, 0, 0],
 [0, 0, 0, 0, 0, 0, 0, 0, 1, 0, 0, 0, 0, 0, 0, 1, 0, 0, 0, 0, 0, 0, 0, 0, 0, 0, 0, 0, 0, 0, 0, 0, 1, 0, 0, 0, 0],
 [0, 0, 0, 0, 0, 0, 0, 0, 0, 0, 0, 0, 0, 1, 0, 0, 0, 0, 0, 0, 1, 0, 0, 0, 0, 0, 0, 0, 0, 0, 0, 0, 0, 0, 0, 0, 0],
 [0, 0, 0, 0, 0, 0, 0, 0, 1, 0, 0, 0, 0, 0, 0, 1, 0, 0, 0, 0, 0, 0, 0, 0, 0, 0, 0, 1, 1, 0, 1, 0, 0, 0, 0, 0, 0],
 [0, 0, 0, 0, 0, 0, 0, 0, 0, 1, 0, 0, 0, 0, 0, 0, 0, 0, 0, 0, 1, 0, 1, 0, 0, 0, 0, 0, 0, 0, 0, 0, 0, 0, 0, 1, 0],
 [0, 0, 0, 1, 0, 1, 0, 0, 0, 0, 0, 0, 0, 0, 1, 0, 0, 0, 0, 0, 0, 0, 0, 1, 0, 0, 0, 0, 0, 0, 0, 0, 0, 0, 0, 0, 0],
 [0, 0, 0, 0, 0, 0, 0, 0, 0, 1, 0, 0, 0, 1, 0, 0, 0, 0, 0, 0, 1, 0, 0, 0, 0, 0, 0, 0, 0, 0, 0, 0, 0, 1, 0, 0, 0],
 [0, 0, 1, 0, 0, 0, 0, 0, 0, 0, 0, 0, 0, 0, 0, 0, 0, 0, 0, 0, 0, 0, 0, 0, 0, 0, 0, 0, 0, 0, 0, 0, 0, 0, 0, 0, 0]
];

Trav =	[
 [0.00, 6.36, 6.36, 0.00, 0.00, 0.00, 0.00, 0.00, 0.00, 0.00, 0.00, 0.00, 0.00, 0.00, 0.00, 0.00, 0.00, 0.00, 0.00, 0.00, 0.00, 0.00, 0.00, 0.00, 0.00, 0.00, 0.00, 0.00, 0.00, 0.00, 0.00, 0.00, 0.00, 0.00, 0.00, 0.00, 0.00],
 [6.36, 0.00, 5.94, 0.00, 0.00, 0.00, 0.00, 5.72, 0.00, 0.00, 7.85, 0.00, 0.00, 0.00, 0.00, 0.00, 0.00, 6.07, 0.00, 0.00, 0.00, 0.00, 0.00, 0.00, 0.00, 0.00, 0.00, 0.00, 0.00, 0.00, 0.00, 0.00, 0.00, 0.00, 0.00, 0.00, 0.00],
 [6.36, 5.94, 0.00, 0.00, 0.00, 0.00, 7.13, 10.04, 0.00, 0.00, 0.00, 0.00, 0.00, 0.00, 0.00, 0.00, 0.00, 0.00, 0.00, 0.00, 0.00, 0.00, 0.00, 0.00, 0.00, 0.00, 0.00, 0.00, 0.00, 10.93, 0.00, 0.00, 0.00, 0.00, 0.00, 0.00, 6.36],
 [0.00, 0.00, 0.00, 0.00, 0.00, 7.81, 0.00, 0.00, 0.00, 0.00, 0.00, 0.00, 0.00, 0.00, 9.76, 0.00, 0.00, 0.00, 0.00, 0.00, 0.00, 0.00, 0.00, 0.00, 0.00, 0.00, 0.00, 0.00, 0.00, 0.00, 0.00, 0.00, 0.00, 0.00, 13.07, 0.00, 0.00],
 [0.00, 0.00, 0.00, 0.00, 0.00, 0.00, 0.00, 0.00, 0.00, 0.00, 0.00, 6.83, 8.07, 0.00, 4.55, 0.00, 0.00, 0.00, 8.15, 0.00, 0.00, 0.00, 0.00, 0.00, 0.00, 0.00, 0.00, 0.00, 0.00, 0.00, 0.00, 0.00, 0.00, 0.00, 0.00, 0.00, 0.00],
 [0.00, 0.00, 0.00, 7.81, 0.00, 0.00, 0.00, 0.00, 0.00, 0.00, 0.00, 0.00, 0.00, 0.00, 11.29, 0.00, 3.98, 0.00, 0.00, 0.00, 0.00, 0.00, 0.00, 0.00, 0.00, 0.00, 0.00, 0.00, 0.00, 0.00, 0.00, 0.00, 0.00, 0.00, 9.54, 0.00, 0.00],
 [0.00, 0.00, 7.13, 0.00, 0.00, 0.00, 0.00, 12.76, 0.00, 0.00, 0.00, 0.00, 0.00, 0.00, 0.00, 0.00, 0.00, 0.00, 0.00, 8.26, 0.00, 7.77, 0.00, 7.26, 0.00, 0.00, 0.00, 0.00, 0.00, 0.00, 0.00, 0.00, 0.00, 0.00, 0.00, 0.00, 0.00],
 [0.00, 5.72, 10.04, 0.00, 0.00, 0.00, 12.76, 0.00, 0.00, 0.00, 0.00, 0.00, 0.00, 0.00, 0.00, 0.00, 0.00, 0.00, 0.00, 11.86, 0.00, 8.59, 0.00, 0.00, 0.00, 0.00, 0.00, 0.00, 0.00, 0.00, 0.00, 0.00, 0.00, 0.00, 0.00, 0.00, 0.00],
 [0.00, 0.00, 0.00, 0.00, 0.00, 0.00, 0.00, 0.00, 0.00, 5.97, 0.00, 0.00, 0.00, 0.00, 0.00, 5.73, 0.00, 0.00, 0.00, 0.00, 0.00, 0.00, 9.81, 0.00, 0.00, 0.00, 0.00, 0.00, 0.00, 0.00, 11.27, 0.00, 8.87, 0.00, 0.00, 0.00, 0.00],
 [0.00, 0.00, 0.00, 0.00, 0.00, 0.00, 0.00, 0.00, 5.97, 0.00, 0.00, 0.00, 0.00, 0.00, 0.00, 0.00, 0.00, 0.00, 0.00, 0.00, 8.91, 0.00, 0.00, 0.00, 0.00, 0.00, 0.00, 0.00, 0.00, 0.00, 0.00, 0.00, 0.00, 4.48, 0.00, 7.12, 0.00],
 [0.00, 7.85, 0.00, 0.00, 0.00, 0.00, 0.00, 0.00, 0.00, 0.00, 0.00, 0.00, 0.00, 0.00, 0.00, 0.00, 0.00, 5.91, 0.00, 0.00, 0.00, 0.00, 0.00, 0.00, 0.00, 10.03, 0.00, 0.00, 0.00, 9.67, 0.00, 0.00, 0.00, 0.00, 0.00, 0.00, 0.00],
 [0.00, 0.00, 0.00, 0.00, 6.83, 0.00, 0.00, 0.00, 0.00, 0.00, 0.00, 0.00, 6.04, 0.00, 0.00, 0.00, 0.00, 0.00, 7.11, 0.00, 0.00, 0.00, 0.00, 0.00, 5.21, 0.00, 5.94, 0.00, 0.00, 0.00, 0.00, 0.00, 0.00, 0.00, 0.00, 0.00, 0.00],
 [0.00, 0.00, 0.00, 0.00, 8.07, 0.00, 0.00, 0.00, 0.00, 0.00, 0.00, 6.04, 0.00, 0.00, 0.00, 0.00, 0.00, 0.00, 11.35, 0.00, 0.00, 0.00, 0.00, 0.00, 7.48, 0.00, 10.52, 0.00, 0.00, 0.00, 0.00, 0.00, 0.00, 0.00, 0.00, 0.00, 0.00],
 [0.00, 0.00, 0.00, 0.00, 0.00, 0.00, 0.00, 0.00, 0.00, 0.00, 0.00, 0.00, 0.00, 0.00, 0.00, 0.00, 0.00, 0.00, 0.00, 0.00, 4.83, 0.00, 0.00, 0.00, 0.00, 0.00, 0.00, 0.00, 0.00, 4.81, 0.00, 9.20, 0.00, 0.00, 0.00, 8.26, 0.00],
 [0.00, 0.00, 0.00, 9.76, 4.55, 11.29, 0.00, 0.00, 0.00, 0.00, 0.00, 0.00, 0.00, 0.00, 0.00, 0.00, 5.89, 0.00, 0.00, 0.00, 0.00, 0.00, 0.00, 0.00, 0.00, 0.00, 0.00, 0.00, 0.00, 0.00, 0.00, 0.00, 0.00, 0.00, 5.20, 0.00, 0.00],
 [0.00, 0.00, 0.00, 0.00, 0.00, 0.00, 0.00, 0.00, 5.73, 0.00, 0.00, 0.00, 0.00, 0.00, 0.00, 0.00, 0.00, 0.00, 0.00, 0.00, 0.00, 0.00, 0.00, 0.00, 0.00, 0.00, 0.00, 7.50, 0.00, 0.00, 6.06, 0.00, 7.66, 0.00, 0.00, 0.00, 0.00],
 [0.00, 0.00, 0.00, 0.00, 0.00, 3.98, 0.00, 0.00, 0.00, 0.00, 0.00, 0.00, 0.00, 0.00, 5.89, 0.00, 0.00, 11.40, 0.00, 0.00, 0.00, 0.00, 0.00, 8.28, 0.00, 0.00, 0.00, 0.00, 0.00, 0.00, 0.00, 0.00, 0.00, 0.00, 0.00, 0.00, 0.00],
 [0.00, 6.07, 0.00, 0.00, 0.00, 0.00, 0.00, 0.00, 0.00, 0.00, 5.91, 0.00, 0.00, 0.00, 0.00, 0.00, 11.40, 0.00, 0.00, 0.00, 0.00, 0.00, 0.00, 0.00, 0.00, 12.61, 0.00, 0.00, 0.00, 5.31, 0.00, 0.00, 0.00, 0.00, 0.00, 0.00, 0.00],
 [0.00, 0.00, 0.00, 0.00, 8.15, 0.00, 0.00, 0.00, 0.00, 0.00, 0.00, 7.11, 11.35, 0.00, 0.00, 0.00, 0.00, 0.00, 0.00, 0.00, 0.00, 0.00, 0.00, 0.00, 0.00, 0.00, 0.00, 0.00, 0.00, 0.00, 0.00, 0.00, 0.00, 0.00, 0.00, 0.00, 0.00],
 [0.00, 0.00, 0.00, 0.00, 0.00, 0.00, 8.26, 11.86, 0.00, 0.00, 0.00, 0.00, 0.00, 0.00, 0.00, 0.00, 0.00, 0.00, 0.00, 0.00, 0.00, 11.08, 0.00, 9.11, 0.00, 0.00, 0.00, 0.00, 0.00, 0.00, 0.00, 0.00, 0.00, 0.00, 0.00, 0.00, 0.00],
 [0.00, 0.00, 0.00, 0.00, 0.00, 0.00, 0.00, 0.00, 0.00, 8.91, 0.00, 0.00, 0.00, 4.83, 0.00, 0.00, 0.00, 0.00, 0.00, 0.00, 0.00, 0.00, 0.00, 0.00, 0.00, 0.00, 0.00, 0.00, 0.00, 0.00, 0.00, 7.69, 0.00, 15.02, 0.00, 9.72, 0.00],
 [0.00, 0.00, 0.00, 0.00, 0.00, 0.00, 7.77, 8.59, 0.00, 0.00, 0.00, 0.00, 0.00, 0.00, 0.00, 0.00, 0.00, 0.00, 0.00, 11.08, 0.00, 0.00, 0.00, 0.00, 0.00, 0.00, 0.00, 0.00, 0.00, 0.00, 0.00, 0.00, 0.00, 0.00, 0.00, 0.00, 0.00],
 [0.00, 0.00, 0.00, 0.00, 0.00, 0.00, 0.00, 0.00, 9.81, 0.00, 0.00, 0.00, 0.00, 0.00, 0.00, 0.00, 0.00, 0.00, 0.00, 0.00, 0.00, 0.00, 0.00, 0.00, 0.00, 8.31, 0.00, 0.00, 0.00, 0.00, 0.00, 0.00, 0.00, 6.35, 0.00, 0.00, 0.00],
 [0.00, 0.00, 0.00, 0.00, 0.00, 0.00, 7.26, 0.00, 0.00, 0.00, 0.00, 0.00, 0.00, 0.00, 0.00, 0.00, 8.28, 0.00, 0.00, 9.11, 0.00, 0.00, 0.00, 0.00, 0.00, 0.00, 0.00, 0.00, 0.00, 0.00, 0.00, 0.00, 0.00, 0.00, 7.20, 0.00, 0.00],
 [0.00, 0.00, 0.00, 0.00, 0.00, 0.00, 0.00, 0.00, 0.00, 0.00, 0.00, 5.21, 7.48, 0.00, 0.00, 0.00, 0.00, 0.00, 0.00, 0.00, 0.00, 0.00, 0.00, 0.00, 0.00, 0.00, 9.66, 0.00, 6.22, 0.00, 0.00, 0.00, 0.00, 0.00, 0.00, 0.00, 0.00],
 [0.00, 0.00, 0.00, 0.00, 0.00, 0.00, 0.00, 0.00, 0.00, 0.00, 10.03, 0.00, 0.00, 0.00, 0.00, 0.00, 0.00, 12.61, 0.00, 0.00, 0.00, 0.00, 8.31, 0.00, 0.00, 0.00, 0.00, 0.00, 0.00, 0.00, 0.00, 0.00, 0.00, 0.00, 0.00, 0.00, 0.00],
 [0.00, 0.00, 0.00, 0.00, 0.00, 0.00, 0.00, 0.00, 0.00, 0.00, 0.00, 5.94, 10.52, 0.00, 0.00, 0.00, 0.00, 0.00, 0.00, 0.00, 0.00, 0.00, 0.00, 0.00, 9.66, 0.00, 0.00, 8.40, 7.15, 0.00, 0.00, 0.00, 0.00, 0.00, 0.00, 0.00, 0.00],
 [0.00, 0.00, 0.00, 0.00, 0.00, 0.00, 0.00, 0.00, 0.00, 0.00, 0.00, 0.00, 0.00, 0.00, 0.00, 7.50, 0.00, 0.00, 0.00, 0.00, 0.00, 0.00, 0.00, 0.00, 0.00, 0.00, 8.40, 0.00, 5.73, 0.00, 0.00, 0.00, 4.47, 0.00, 0.00, 0.00, 0.00],
 [0.00, 0.00, 0.00, 0.00, 0.00, 0.00, 0.00, 0.00, 0.00, 0.00, 0.00, 0.00, 0.00, 0.00, 0.00, 0.00, 0.00, 0.00, 0.00, 0.00, 0.00, 0.00, 0.00, 0.00, 6.22, 0.00, 7.15, 5.73, 0.00, 0.00, 0.00, 0.00, 14.05, 0.00, 0.00, 0.00, 0.00],
 [0.00, 0.00, 10.93, 0.00, 0.00, 0.00, 0.00, 0.00, 0.00, 0.00, 9.67, 0.00, 0.00, 4.81, 0.00, 0.00, 0.00, 5.31, 0.00, 0.00, 0.00, 0.00, 0.00, 0.00, 0.00, 0.00, 0.00, 0.00, 0.00, 0.00, 0.00, 0.00, 0.00, 0.00, 0.00, 0.00, 0.00],
 [0.00, 0.00, 0.00, 0.00, 0.00, 0.00, 0.00, 0.00, 11.27, 0.00, 0.00, 0.00, 0.00, 0.00, 0.00, 6.06, 0.00, 0.00, 0.00, 0.00, 0.00, 0.00, 0.00, 0.00, 0.00, 0.00, 0.00, 0.00, 0.00, 0.00, 0.00, 0.00, 9.85, 0.00, 0.00, 0.00, 0.00],
 [0.00, 0.00, 0.00, 0.00, 0.00, 0.00, 0.00, 0.00, 0.00, 0.00, 0.00, 0.00, 0.00, 9.20, 0.00, 0.00, 0.00, 0.00, 0.00, 0.00, 7.69, 0.00, 0.00, 0.00, 0.00, 0.00, 0.00, 0.00, 0.00, 0.00, 0.00, 0.00, 0.00, 0.00, 0.00, 0.00, 0.00],
 [0.00, 0.00, 0.00, 0.00, 0.00, 0.00, 0.00, 0.00, 8.87, 0.00, 0.00, 0.00, 0.00, 0.00, 0.00, 7.66, 0.00, 0.00, 0.00, 0.00, 0.00, 0.00, 0.00, 0.00, 0.00, 0.00, 0.00, 4.47, 14.05, 0.00, 9.85, 0.00, 0.00, 0.00, 0.00, 0.00, 0.00],
 [0.00, 0.00, 0.00, 0.00, 0.00, 0.00, 0.00, 0.00, 0.00, 4.48, 0.00, 0.00, 0.00, 0.00, 0.00, 0.00, 0.00, 0.00, 0.00, 0.00, 15.02, 0.00, 6.35, 0.00, 0.00, 0.00, 0.00, 0.00, 0.00, 0.00, 0.00, 0.00, 0.00, 0.00, 0.00, 4.05, 0.00],
 [0.00, 0.00, 0.00, 13.07, 0.00, 9.54, 0.00, 0.00, 0.00, 0.00, 0.00, 0.00, 0.00, 0.00, 5.20, 0.00, 0.00, 0.00, 0.00, 0.00, 0.00, 0.00, 0.00, 7.20, 0.00, 0.00, 0.00, 0.00, 0.00, 0.00, 0.00, 0.00, 0.00, 0.00, 0.00, 0.00, 0.00],
 [0.00, 0.00, 0.00, 0.00, 0.00, 0.00, 0.00, 0.00, 0.00, 7.12, 0.00, 0.00, 0.00, 8.26, 0.00, 0.00, 0.00, 0.00, 0.00, 0.00, 9.72, 0.00, 0.00, 0.00, 0.00, 0.00, 0.00, 0.00, 0.00, 0.00, 0.00, 0.00, 0.00, 4.05, 0.00, 0.00, 0.00],
 [0.00, 0.00, 6.36, 0.00, 0.00, 0.00, 0.00, 0.00, 0.00, 0.00, 0.00, 0.00, 0.00, 0.00, 0.00, 0.00, 0.00, 0.00, 0.00, 0.00, 0.00, 0.00, 0.00, 0.00, 0.00, 0.00, 0.00, 0.00, 0.00, 0.00, 0.00, 0.00, 0.00, 0.00, 0.00, 0.00, 0.00]
];

Edep =	[
 [0.00, 0.48, 0.48, 0.00, 0.00, 0.00, 0.00, 0.00, 0.00, 0.00, 0.00, 0.00, 0.00, 0.00, 0.00, 0.00, 0.00, 0.00, 0.00, 0.00, 0.00, 0.00, 0.00, 0.00, 0.00, 0.00, 0.00, 0.00, 0.00, 0.00, 0.00, 0.00, 0.00, 0.00, 0.00, 0.00, 0.00],
 [0.48, 0.00, 0.60, 0.00, 0.00, 0.00, 0.00, 0.35, 0.00, 0.00, 0.63, 0.00, 0.00, 0.00, 0.00, 0.00, 0.00, 0.38, 0.00, 0.00, 0.00, 0.00, 0.00, 0.00, 0.00, 0.00, 0.00, 0.00, 0.00, 0.00, 0.00, 0.00, 0.00, 0.00, 0.00, 0.00, 0.00],
 [0.48, 0.60, 0.00, 0.00, 0.00, 0.00, 0.60, 0.93, 0.00, 0.00, 0.00, 0.00, 0.00, 0.00, 0.00, 0.00, 0.00, 0.00, 0.00, 0.00, 0.00, 0.00, 0.00, 0.00, 0.00, 0.00, 0.00, 0.00, 0.00, 0.69, 0.00, 0.00, 0.00, 0.00, 0.00, 0.00, 0.48],
 [0.00, 0.00, 0.00, 0.00, 0.00, 0.45, 0.00, 0.00, 0.00, 0.00, 0.00, 0.00, 0.00, 0.00, 0.97, 0.00, 0.00, 0.00, 0.00, 0.00, 0.00, 0.00, 0.00, 0.00, 0.00, 0.00, 0.00, 0.00, 0.00, 0.00, 0.00, 0.00, 0.00, 0.00, 0.92, 0.00, 0.00],
 [0.00, 0.00, 0.00, 0.00, 0.00, 0.00, 0.00, 0.00, 0.00, 0.00, 0.00, 0.65, 0.76, 0.00, 0.39, 0.00, 0.00, 0.00, 0.62, 0.00, 0.00, 0.00, 0.00, 0.00, 0.00, 0.00, 0.00, 0.00, 0.00, 0.00, 0.00, 0.00, 0.00, 0.00, 0.00, 0.00, 0.00],
 [0.00, 0.00, 0.00, 0.45, 0.00, 0.00, 0.00, 0.00, 0.00, 0.00, 0.00, 0.00, 0.00, 0.00, 0.87, 0.00, 0.42, 0.00, 0.00, 0.00, 0.00, 0.00, 0.00, 0.00, 0.00, 0.00, 0.00, 0.00, 0.00, 0.00, 0.00, 0.00, 0.00, 0.00, 0.98, 0.00, 0.00],
 [0.00, 0.00, 0.60, 0.00, 0.00, 0.00, 0.00, 0.83, 0.00, 0.00, 0.00, 0.00, 0.00, 0.00, 0.00, 0.00, 0.00, 0.00, 0.00, 0.71, 0.00, 0.69, 0.00, 0.75, 0.00, 0.00, 0.00, 0.00, 0.00, 0.00, 0.00, 0.00, 0.00, 0.00, 0.00, 0.00, 0.00],
 [0.00, 0.35, 0.93, 0.00, 0.00, 0.00, 0.83, 0.00, 0.00, 0.00, 0.00, 0.00, 0.00, 0.00, 0.00, 0.00, 0.00, 0.00, 0.00, 0.93, 0.00, 0.59, 0.00, 0.00, 0.00, 0.00, 0.00, 0.00, 0.00, 0.00, 0.00, 0.00, 0.00, 0.00, 0.00, 0.00, 0.00],
 [0.00, 0.00, 0.00, 0.00, 0.00, 0.00, 0.00, 0.00, 0.00, 0.48, 0.00, 0.00, 0.00, 0.00, 0.00, 0.45, 0.00, 0.00, 0.00, 0.00, 0.00, 0.00, 0.72, 0.00, 0.00, 0.00, 0.00, 0.00, 0.00, 0.00, 0.78, 0.00, 0.88, 0.00, 0.00, 0.00, 0.00],
 [0.00, 0.00, 0.00, 0.00, 0.00, 0.00, 0.00, 0.00, 0.48, 0.00, 0.00, 0.00, 0.00, 0.00, 0.00, 0.00, 0.00, 0.00, 0.00, 0.00, 0.88, 0.00, 0.00, 0.00, 0.00, 0.00, 0.00, 0.00, 0.00, 0.00, 0.00, 0.00, 0.00, 0.43, 0.00, 0.65, 0.00],
 [0.00, 0.63, 0.00, 0.00, 0.00, 0.00, 0.00, 0.00, 0.00, 0.00, 0.00, 0.00, 0.00, 0.00, 0.00, 0.00, 0.00, 0.56, 0.00, 0.00, 0.00, 0.00, 0.00, 0.00, 0.00, 0.61, 0.00, 0.00, 0.00, 0.67, 0.00, 0.00, 0.00, 0.00, 0.00, 0.00, 0.00],
 [0.00, 0.00, 0.00, 0.00, 0.65, 0.00, 0.00, 0.00, 0.00, 0.00, 0.00, 0.00, 0.57, 0.00, 0.00, 0.00, 0.00, 0.00, 0.43, 0.00, 0.00, 0.00, 0.00, 0.00, 0.38, 0.00, 0.47, 0.00, 0.00, 0.00, 0.00, 0.00, 0.00, 0.00, 0.00, 0.00, 0.00],
 [0.00, 0.00, 0.00, 0.00, 0.76, 0.00, 0.00, 0.00, 0.00, 0.00, 0.00, 0.57, 0.00, 0.00, 0.00, 0.00, 0.00, 0.00, 0.65, 0.00, 0.00, 0.00, 0.00, 0.00, 0.79, 0.00, 0.87, 0.00, 0.00, 0.00, 0.00, 0.00, 0.00, 0.00, 0.00, 0.00, 0.00],
 [0.00, 0.00, 0.00, 0.00, 0.00, 0.00, 0.00, 0.00, 0.00, 0.00, 0.00, 0.00, 0.00, 0.00, 0.00, 0.00, 0.00, 0.00, 0.00, 0.00, 0.37, 0.00, 0.00, 0.00, 0.00, 0.00, 0.00, 0.00, 0.00, 0.40, 0.00, 0.78, 0.00, 0.00, 0.00, 0.70, 0.00],
 [0.00, 0.00, 0.00, 0.97, 0.39, 0.87, 0.00, 0.00, 0.00, 0.00, 0.00, 0.00, 0.00, 0.00, 0.00, 0.00, 0.56, 0.00, 0.00, 0.00, 0.00, 0.00, 0.00, 0.00, 0.00, 0.00, 0.00, 0.00, 0.00, 0.00, 0.00, 0.00, 0.00, 0.00, 0.52, 0.00, 0.00],
 [0.00, 0.00, 0.00, 0.00, 0.00, 0.00, 0.00, 0.00, 0.45, 0.00, 0.00, 0.00, 0.00, 0.00, 0.00, 0.00, 0.00, 0.00, 0.00, 0.00, 0.00, 0.00, 0.00, 0.00, 0.00, 0.00, 0.00, 0.53, 0.00, 0.00, 0.62, 0.00, 0.69, 0.00, 0.00, 0.00, 0.00],
 [0.00, 0.00, 0.00, 0.00, 0.00, 0.42, 0.00, 0.00, 0.00, 0.00, 0.00, 0.00, 0.00, 0.00, 0.56, 0.00, 0.00, 0.69, 0.00, 0.00, 0.00, 0.00, 0.00, 0.87, 0.00, 0.00, 0.00, 0.00, 0.00, 0.00, 0.00, 0.00, 0.00, 0.00, 0.00, 0.00, 0.00],
 [0.00, 0.38, 0.00, 0.00, 0.00, 0.00, 0.00, 0.00, 0.00, 0.00, 0.56, 0.00, 0.00, 0.00, 0.00, 0.00, 0.69, 0.00, 0.00, 0.00, 0.00, 0.00, 0.00, 0.00, 0.00, 0.90, 0.00, 0.00, 0.00, 0.37, 0.00, 0.00, 0.00, 0.00, 0.00, 0.00, 0.00],
 [0.00, 0.00, 0.00, 0.00, 0.62, 0.00, 0.00, 0.00, 0.00, 0.00, 0.00, 0.43, 0.65, 0.00, 0.00, 0.00, 0.00, 0.00, 0.00, 0.00, 0.00, 0.00, 0.00, 0.00, 0.00, 0.00, 0.00, 0.00, 0.00, 0.00, 0.00, 0.00, 0.00, 0.00, 0.00, 0.00, 0.00],
 [0.00, 0.00, 0.00, 0.00, 0.00, 0.00, 0.71, 0.93, 0.00, 0.00, 0.00, 0.00, 0.00, 0.00, 0.00, 0.00, 0.00, 0.00, 0.00, 0.00, 0.00, 0.83, 0.00, 0.78, 0.00, 0.00, 0.00, 0.00, 0.00, 0.00, 0.00, 0.00, 0.00, 0.00, 0.00, 0.00, 0.00],
 [0.00, 0.00, 0.00, 0.00, 0.00, 0.00, 0.00, 0.00, 0.00, 0.88, 0.00, 0.00, 0.00, 0.37, 0.00, 0.00, 0.00, 0.00, 0.00, 0.00, 0.00, 0.00, 0.00, 0.00, 0.00, 0.00, 0.00, 0.00, 0.00, 0.00, 0.00, 0.78, 0.00, 0.88, 0.00, 0.56, 0.00],
 [0.00, 0.00, 0.00, 0.00, 0.00, 0.00, 0.69, 0.59, 0.00, 0.00, 0.00, 0.00, 0.00, 0.00, 0.00, 0.00, 0.00, 0.00, 0.00, 0.83, 0.00, 0.00, 0.00, 0.00, 0.00, 0.00, 0.00, 0.00, 0.00, 0.00, 0.00, 0.00, 0.00, 0.00, 0.00, 0.00, 0.00],
 [0.00, 0.00, 0.00, 0.00, 0.00, 0.00, 0.00, 0.00, 0.72, 0.00, 0.00, 0.00, 0.00, 0.00, 0.00, 0.00, 0.00, 0.00, 0.00, 0.00, 0.00, 0.00, 0.00, 0.00, 0.00, 0.87, 0.00, 0.00, 0.00, 0.00, 0.00, 0.00, 0.00, 0.53, 0.00, 0.00, 0.00],
 [0.00, 0.00, 0.00, 0.00, 0.00, 0.00, 0.75, 0.00, 0.00, 0.00, 0.00, 0.00, 0.00, 0.00, 0.00, 0.00, 0.87, 0.00, 0.00, 0.78, 0.00, 0.00, 0.00, 0.00, 0.00, 0.00, 0.00, 0.00, 0.00, 0.00, 0.00, 0.00, 0.00, 0.00, 0.64, 0.00, 0.00],
 [0.00, 0.00, 0.00, 0.00, 0.00, 0.00, 0.00, 0.00, 0.00, 0.00, 0.00, 0.38, 0.79, 0.00, 0.00, 0.00, 0.00, 0.00, 0.00, 0.00, 0.00, 0.00, 0.00, 0.00, 0.00, 0.00, 0.95, 0.00, 0.59, 0.00, 0.00, 0.00, 0.00, 0.00, 0.00, 0.00, 0.00],
 [0.00, 0.00, 0.00, 0.00, 0.00, 0.00, 0.00, 0.00, 0.00, 0.00, 0.61, 0.00, 0.00, 0.00, 0.00, 0.00, 0.00, 0.90, 0.00, 0.00, 0.00, 0.00, 0.87, 0.00, 0.00, 0.00, 0.00, 0.00, 0.00, 0.00, 0.00, 0.00, 0.00, 0.00, 0.00, 0.00, 0.00],
 [0.00, 0.00, 0.00, 0.00, 0.00, 0.00, 0.00, 0.00, 0.00, 0.00, 0.00, 0.47, 0.87, 0.00, 0.00, 0.00, 0.00, 0.00, 0.00, 0.00, 0.00, 0.00, 0.00, 0.00, 0.95, 0.00, 0.00, 0.76, 0.75, 0.00, 0.00, 0.00, 0.00, 0.00, 0.00, 0.00, 0.00],
 [0.00, 0.00, 0.00, 0.00, 0.00, 0.00, 0.00, 0.00, 0.00, 0.00, 0.00, 0.00, 0.00, 0.00, 0.00, 0.53, 0.00, 0.00, 0.00, 0.00, 0.00, 0.00, 0.00, 0.00, 0.00, 0.00, 0.76, 0.00, 0.56, 0.00, 0.00, 0.00, 0.47, 0.00, 0.00, 0.00, 0.00],
 [0.00, 0.00, 0.00, 0.00, 0.00, 0.00, 0.00, 0.00, 0.00, 0.00, 0.00, 0.00, 0.00, 0.00, 0.00, 0.00, 0.00, 0.00, 0.00, 0.00, 0.00, 0.00, 0.00, 0.00, 0.59, 0.00, 0.75, 0.56, 0.00, 0.00, 0.00, 0.00, 0.81, 0.00, 0.00, 0.00, 0.00],
 [0.00, 0.00, 0.69, 0.00, 0.00, 0.00, 0.00, 0.00, 0.00, 0.00, 0.67, 0.00, 0.00, 0.40, 0.00, 0.00, 0.00, 0.37, 0.00, 0.00, 0.00, 0.00, 0.00, 0.00, 0.00, 0.00, 0.00, 0.00, 0.00, 0.00, 0.00, 0.00, 0.00, 0.00, 0.00, 0.00, 0.00],
 [0.00, 0.00, 0.00, 0.00, 0.00, 0.00, 0.00, 0.00, 0.78, 0.00, 0.00, 0.00, 0.00, 0.00, 0.00, 0.62, 0.00, 0.00, 0.00, 0.00, 0.00, 0.00, 0.00, 0.00, 0.00, 0.00, 0.00, 0.00, 0.00, 0.00, 0.00, 0.00, 0.82, 0.00, 0.00, 0.00, 0.00],
 [0.00, 0.00, 0.00, 0.00, 0.00, 0.00, 0.00, 0.00, 0.00, 0.00, 0.00, 0.00, 0.00, 0.78, 0.00, 0.00, 0.00, 0.00, 0.00, 0.00, 0.78, 0.00, 0.00, 0.00, 0.00, 0.00, 0.00, 0.00, 0.00, 0.00, 0.00, 0.00, 0.00, 0.00, 0.00, 0.00, 0.00],
 [0.00, 0.00, 0.00, 0.00, 0.00, 0.00, 0.00, 0.00, 0.88, 0.00, 0.00, 0.00, 0.00, 0.00, 0.00, 0.69, 0.00, 0.00, 0.00, 0.00, 0.00, 0.00, 0.00, 0.00, 0.00, 0.00, 0.00, 0.47, 0.81, 0.00, 0.82, 0.00, 0.00, 0.00, 0.00, 0.00, 0.00],
 [0.00, 0.00, 0.00, 0.00, 0.00, 0.00, 0.00, 0.00, 0.00, 0.43, 0.00, 0.00, 0.00, 0.00, 0.00, 0.00, 0.00, 0.00, 0.00, 0.00, 0.88, 0.00, 0.53, 0.00, 0.00, 0.00, 0.00, 0.00, 0.00, 0.00, 0.00, 0.00, 0.00, 0.00, 0.00, 0.42, 0.00],
 [0.00, 0.00, 0.00, 0.92, 0.00, 0.98, 0.00, 0.00, 0.00, 0.00, 0.00, 0.00, 0.00, 0.00, 0.52, 0.00, 0.00, 0.00, 0.00, 0.00, 0.00, 0.00, 0.00, 0.64, 0.00, 0.00, 0.00, 0.00, 0.00, 0.00, 0.00, 0.00, 0.00, 0.00, 0.00, 0.00, 0.00],
 [0.00, 0.00, 0.00, 0.00, 0.00, 0.00, 0.00, 0.00, 0.00, 0.65, 0.00, 0.00, 0.00, 0.70, 0.00, 0.00, 0.00, 0.00, 0.00, 0.00, 0.56, 0.00, 0.00, 0.00, 0.00, 0.00, 0.00, 0.00, 0.00, 0.00, 0.00, 0.00, 0.00, 0.42, 0.00, 0.00, 0.00],
 [0.00, 0.00, 0.48, 0.00, 0.00, 0.00, 0.00, 0.00, 0.00, 0.00, 0.00, 0.00, 0.00, 0.00, 0.00, 0.00, 0.00, 0.00, 0.00, 0.00, 0.00, 0.00, 0.00, 0.00, 0.00, 0.00, 0.00, 0.00, 0.00, 0.00, 0.00, 0.00, 0.00, 0.00, 0.00, 0.00, 0.00]
];

Ebox =	[
 [0.00, 0.06, 0.06, 0.00, 0.00, 0.00, 0.00, 0.00, 0.00, 0.00, 0.00, 0.00, 0.00, 0.00, 0.00, 0.00, 0.00, 0.00, 0.00, 0.00, 0.00, 0.00, 0.00, 0.00, 0.00, 0.00, 0.00, 0.00, 0.00, 0.00, 0.00, 0.00, 0.00, 0.00, 0.00, 0.00, 0.00],
 [0.06, 0.00, 0.11, 0.00, 0.00, 0.00, 0.00, 0.03, 0.00, 0.00, 0.08, 0.00, 0.00, 0.00, 0.00, 0.00, 0.00, 0.03, 0.00, 0.00, 0.00, 0.00, 0.00, 0.00, 0.00, 0.00, 0.00, 0.00, 0.00, 0.00, 0.00, 0.00, 0.00, 0.00, 0.00, 0.00, 0.00],
 [0.06, 0.11, 0.00, 0.00, 0.00, 0.00, 0.08, 0.15, 0.00, 0.00, 0.00, 0.00, 0.00, 0.00, 0.00, 0.00, 0.00, 0.00, 0.00, 0.00, 0.00, 0.00, 0.00, 0.00, 0.00, 0.00, 0.00, 0.00, 0.00, 0.07, 0.00, 0.00, 0.00, 0.00, 0.00, 0.00, 0.06],
 [0.00, 0.00, 0.00, 0.00, 0.00, 0.04, 0.00, 0.00, 0.00, 0.00, 0.00, 0.00, 0.00, 0.00, 0.17, 0.00, 0.00, 0.00, 0.00, 0.00, 0.00, 0.00, 0.00, 0.00, 0.00, 0.00, 0.00, 0.00, 0.00, 0.00, 0.00, 0.00, 0.00, 0.00, 0.10, 0.00, 0.00],
 [0.00, 0.00, 0.00, 0.00, 0.00, 0.00, 0.00, 0.00, 0.00, 0.00, 0.00, 0.11, 0.12, 0.00, 0.06, 0.00, 0.00, 0.00, 0.08, 0.00, 0.00, 0.00, 0.00, 0.00, 0.00, 0.00, 0.00, 0.00, 0.00, 0.00, 0.00, 0.00, 0.00, 0.00, 0.00, 0.00, 0.00],
 [0.00, 0.00, 0.00, 0.04, 0.00, 0.00, 0.00, 0.00, 0.00, 0.00, 0.00, 0.00, 0.00, 0.00, 0.11, 0.00, 0.08, 0.00, 0.00, 0.00, 0.00, 0.00, 0.00, 0.00, 0.00, 0.00, 0.00, 0.00, 0.00, 0.00, 0.00, 0.00, 0.00, 0.00, 0.18, 0.00, 0.00],
 [0.00, 0.00, 0.08, 0.00, 0.00, 0.00, 0.00, 0.08, 0.00, 0.00, 0.00, 0.00, 0.00, 0.00, 0.00, 0.00, 0.00, 0.00, 0.00, 0.10, 0.00, 0.11, 0.00, 0.14, 0.00, 0.00, 0.00, 0.00, 0.00, 0.00, 0.00, 0.00, 0.00, 0.00, 0.00, 0.00, 0.00],
 [0.00, 0.03, 0.15, 0.00, 0.00, 0.00, 0.08, 0.00, 0.00, 0.00, 0.00, 0.00, 0.00, 0.00, 0.00, 0.00, 0.00, 0.00, 0.00, 0.12, 0.00, 0.06, 0.00, 0.00, 0.00, 0.00, 0.00, 0.00, 0.00, 0.00, 0.00, 0.00, 0.00, 0.00, 0.00, 0.00, 0.00],
 [0.00, 0.00, 0.00, 0.00, 0.00, 0.00, 0.00, 0.00, 0.00, 0.06, 0.00, 0.00, 0.00, 0.00, 0.00, 0.06, 0.00, 0.00, 0.00, 0.00, 0.00, 0.00, 0.09, 0.00, 0.00, 0.00, 0.00, 0.00, 0.00, 0.00, 0.08, 0.00, 0.16, 0.00, 0.00, 0.00, 0.00],
 [0.00, 0.00, 0.00, 0.00, 0.00, 0.00, 0.00, 0.00, 0.06, 0.00, 0.00, 0.00, 0.00, 0.00, 0.00, 0.00, 0.00, 0.00, 0.00, 0.00, 0.15, 0.00, 0.00, 0.00, 0.00, 0.00, 0.00, 0.00, 0.00, 0.00, 0.00, 0.00, 0.00, 0.07, 0.00, 0.10, 0.00],
 [0.00, 0.08, 0.00, 0.00, 0.00, 0.00, 0.00, 0.00, 0.00, 0.00, 0.00, 0.00, 0.00, 0.00, 0.00, 0.00, 0.00, 0.09, 0.00, 0.00, 0.00, 0.00, 0.00, 0.00, 0.00, 0.05, 0.00, 0.00, 0.00, 0.07, 0.00, 0.00, 0.00, 0.00, 0.00, 0.00, 0.00],
 [0.00, 0.00, 0.00, 0.00, 0.11, 0.00, 0.00, 0.00, 0.00, 0.00, 0.00, 0.00, 0.09, 0.00, 0.00, 0.00, 0.00, 0.00, 0.04, 0.00, 0.00, 0.00, 0.00, 0.00, 0.04, 0.00, 0.06, 0.00, 0.00, 0.00, 0.00, 0.00, 0.00, 0.00, 0.00, 0.00, 0.00],
 [0.00, 0.00, 0.00, 0.00, 0.12, 0.00, 0.00, 0.00, 0.00, 0.00, 0.00, 0.09, 0.00, 0.00, 0.00, 0.00, 0.00, 0.00, 0.05, 0.00, 0.00, 0.00, 0.00, 0.00, 0.15, 0.00, 0.12, 0.00, 0.00, 0.00, 0.00, 0.00, 0.00, 0.00, 0.00, 0.00, 0.00],
 [0.00, 0.00, 0.00, 0.00, 0.00, 0.00, 0.00, 0.00, 0.00, 0.00, 0.00, 0.00, 0.00, 0.00, 0.00, 0.00, 0.00, 0.00, 0.00, 0.00, 0.05, 0.00, 0.00, 0.00, 0.00, 0.00, 0.00, 0.00, 0.00, 0.05, 0.00, 0.11, 0.00, 0.00, 0.00, 0.10, 0.00],
 [0.00, 0.00, 0.00, 0.17, 0.06, 0.11, 0.00, 0.00, 0.00, 0.00, 0.00, 0.00, 0.00, 0.00, 0.00, 0.00, 0.09, 0.00, 0.00, 0.00, 0.00, 0.00, 0.00, 0.00, 0.00, 0.00, 0.00, 0.00, 0.00, 0.00, 0.00, 0.00, 0.00, 0.00, 0.09, 0.00, 0.00],
 [0.00, 0.00, 0.00, 0.00, 0.00, 0.00, 0.00, 0.00, 0.06, 0.00, 0.00, 0.00, 0.00, 0.00, 0.00, 0.00, 0.00, 0.00, 0.00, 0.00, 0.00, 0.00, 0.00, 0.00, 0.00, 0.00, 0.00, 0.06, 0.00, 0.00, 0.11, 0.00, 0.11, 0.00, 0.00, 0.00, 0.00],
 [0.00, 0.00, 0.00, 0.00, 0.00, 0.08, 0.00, 0.00, 0.00, 0.00, 0.00, 0.00, 0.00, 0.00, 0.09, 0.00, 0.00, 0.06, 0.00, 0.00, 0.00, 0.00, 0.00, 0.16, 0.00, 0.00, 0.00, 0.00, 0.00, 0.00, 0.00, 0.00, 0.00, 0.00, 0.00, 0.00, 0.00],
 [0.00, 0.03, 0.00, 0.00, 0.00, 0.00, 0.00, 0.00, 0.00, 0.00, 0.09, 0.00, 0.00, 0.00, 0.00, 0.00, 0.06, 0.00, 0.00, 0.00, 0.00, 0.00, 0.00, 0.00, 0.00, 0.10, 0.00, 0.00, 0.00, 0.04, 0.00, 0.00, 0.00, 0.00, 0.00, 0.00, 0.00],
 [0.00, 0.00, 0.00, 0.00, 0.08, 0.00, 0.00, 0.00, 0.00, 0.00, 0.00, 0.04, 0.05, 0.00, 0.00, 0.00, 0.00, 0.00, 0.00, 0.00, 0.00, 0.00, 0.00, 0.00, 0.00, 0.00, 0.00, 0.00, 0.00, 0.00, 0.00, 0.00, 0.00, 0.00, 0.00, 0.00, 0.00],
 [0.00, 0.00, 0.00, 0.00, 0.00, 0.00, 0.10, 0.12, 0.00, 0.00, 0.00, 0.00, 0.00, 0.00, 0.00, 0.00, 0.00, 0.00, 0.00, 0.00, 0.00, 0.10, 0.00, 0.12, 0.00, 0.00, 0.00, 0.00, 0.00, 0.00, 0.00, 0.00, 0.00, 0.00, 0.00, 0.00, 0.00],
 [0.00, 0.00, 0.00, 0.00, 0.00, 0.00, 0.00, 0.00, 0.00, 0.15, 0.00, 0.00, 0.00, 0.05, 0.00, 0.00, 0.00, 0.00, 0.00, 0.00, 0.00, 0.00, 0.00, 0.00, 0.00, 0.00, 0.00, 0.00, 0.00, 0.00, 0.00, 0.14, 0.00, 0.07, 0.00, 0.05, 0.00],
 [0.00, 0.00, 0.00, 0.00, 0.00, 0.00, 0.11, 0.06, 0.00, 0.00, 0.00, 0.00, 0.00, 0.00, 0.00, 0.00, 0.00, 0.00, 0.00, 0.10, 0.00, 0.00, 0.00, 0.00, 0.00, 0.00, 0.00, 0.00, 0.00, 0.00, 0.00, 0.00, 0.00, 0.00, 0.00, 0.00, 0.00],
 [0.00, 0.00, 0.00, 0.00, 0.00, 0.00, 0.00, 0.00, 0.09, 0.00, 0.00, 0.00, 0.00, 0.00, 0.00, 0.00, 0.00, 0.00, 0.00, 0.00, 0.00, 0.00, 0.00, 0.00, 0.00, 0.16, 0.00, 0.00, 0.00, 0.00, 0.00, 0.00, 0.00, 0.07, 0.00, 0.00, 0.00],
 [0.00, 0.00, 0.00, 0.00, 0.00, 0.00, 0.14, 0.00, 0.00, 0.00, 0.00, 0.00, 0.00, 0.00, 0.00, 0.00, 0.16, 0.00, 0.00, 0.12, 0.00, 0.00, 0.00, 0.00, 0.00, 0.00, 0.00, 0.00, 0.00, 0.00, 0.00, 0.00, 0.00, 0.00, 0.10, 0.00, 0.00],
 [0.00, 0.00, 0.00, 0.00, 0.00, 0.00, 0.00, 0.00, 0.00, 0.00, 0.00, 0.04, 0.15, 0.00, 0.00, 0.00, 0.00, 0.00, 0.00, 0.00, 0.00, 0.00, 0.00, 0.00, 0.00, 0.00, 0.16, 0.00, 0.10, 0.00, 0.00, 0.00, 0.00, 0.00, 0.00, 0.00, 0.00],
 [0.00, 0.00, 0.00, 0.00, 0.00, 0.00, 0.00, 0.00, 0.00, 0.00, 0.05, 0.00, 0.00, 0.00, 0.00, 0.00, 0.00, 0.10, 0.00, 0.00, 0.00, 0.00, 0.16, 0.00, 0.00, 0.00, 0.00, 0.00, 0.00, 0.00, 0.00, 0.00, 0.00, 0.00, 0.00, 0.00, 0.00],
 [0.00, 0.00, 0.00, 0.00, 0.00, 0.00, 0.00, 0.00, 0.00, 0.00, 0.00, 0.06, 0.12, 0.00, 0.00, 0.00, 0.00, 0.00, 0.00, 0.00, 0.00, 0.00, 0.00, 0.00, 0.16, 0.00, 0.00, 0.12, 0.14, 0.00, 0.00, 0.00, 0.00, 0.00, 0.00, 0.00, 0.00],
 [0.00, 0.00, 0.00, 0.00, 0.00, 0.00, 0.00, 0.00, 0.00, 0.00, 0.00, 0.00, 0.00, 0.00, 0.00, 0.06, 0.00, 0.00, 0.00, 0.00, 0.00, 0.00, 0.00, 0.00, 0.00, 0.00, 0.12, 0.00, 0.09, 0.00, 0.00, 0.00, 0.09, 0.00, 0.00, 0.00, 0.00],
 [0.00, 0.00, 0.00, 0.00, 0.00, 0.00, 0.00, 0.00, 0.00, 0.00, 0.00, 0.00, 0.00, 0.00, 0.00, 0.00, 0.00, 0.00, 0.00, 0.00, 0.00, 0.00, 0.00, 0.00, 0.10, 0.00, 0.14, 0.09, 0.00, 0.00, 0.00, 0.00, 0.07, 0.00, 0.00, 0.00, 0.00],
 [0.00, 0.00, 0.07, 0.00, 0.00, 0.00, 0.00, 0.00, 0.00, 0.00, 0.07, 0.00, 0.00, 0.05, 0.00, 0.00, 0.00, 0.04, 0.00, 0.00, 0.00, 0.00, 0.00, 0.00, 0.00, 0.00, 0.00, 0.00, 0.00, 0.00, 0.00, 0.00, 0.00, 0.00, 0.00, 0.00, 0.00],
 [0.00, 0.00, 0.00, 0.00, 0.00, 0.00, 0.00, 0.00, 0.08, 0.00, 0.00, 0.00, 0.00, 0.00, 0.00, 0.11, 0.00, 0.00, 0.00, 0.00, 0.00, 0.00, 0.00, 0.00, 0.00, 0.00, 0.00, 0.00, 0.00, 0.00, 0.00, 0.00, 0.12, 0.00, 0.00, 0.00, 0.00],
 [0.00, 0.00, 0.00, 0.00, 0.00, 0.00, 0.00, 0.00, 0.00, 0.00, 0.00, 0.00, 0.00, 0.11, 0.00, 0.00, 0.00, 0.00, 0.00, 0.00, 0.14, 0.00, 0.00, 0.00, 0.00, 0.00, 0.00, 0.00, 0.00, 0.00, 0.00, 0.00, 0.00, 0.00, 0.00, 0.00, 0.00],
 [0.00, 0.00, 0.00, 0.00, 0.00, 0.00, 0.00, 0.00, 0.16, 0.00, 0.00, 0.00, 0.00, 0.00, 0.00, 0.11, 0.00, 0.00, 0.00, 0.00, 0.00, 0.00, 0.00, 0.00, 0.00, 0.00, 0.00, 0.09, 0.07, 0.00, 0.12, 0.00, 0.00, 0.00, 0.00, 0.00, 0.00],
 [0.00, 0.00, 0.00, 0.00, 0.00, 0.00, 0.00, 0.00, 0.00, 0.07, 0.00, 0.00, 0.00, 0.00, 0.00, 0.00, 0.00, 0.00, 0.00, 0.00, 0.07, 0.00, 0.07, 0.00, 0.00, 0.00, 0.00, 0.00, 0.00, 0.00, 0.00, 0.00, 0.00, 0.00, 0.00, 0.08, 0.00],
 [0.00, 0.00, 0.00, 0.10, 0.00, 0.18, 0.00, 0.00, 0.00, 0.00, 0.00, 0.00, 0.00, 0.00, 0.09, 0.00, 0.00, 0.00, 0.00, 0.00, 0.00, 0.00, 0.00, 0.10, 0.00, 0.00, 0.00, 0.00, 0.00, 0.00, 0.00, 0.00, 0.00, 0.00, 0.00, 0.00, 0.00],
 [0.00, 0.00, 0.00, 0.00, 0.00, 0.00, 0.00, 0.00, 0.00, 0.10, 0.00, 0.00, 0.00, 0.10, 0.00, 0.00, 0.00, 0.00, 0.00, 0.00, 0.05, 0.00, 0.00, 0.00, 0.00, 0.00, 0.00, 0.00, 0.00, 0.00, 0.00, 0.00, 0.00, 0.08, 0.00, 0.00, 0.00],
 [0.00, 0.00, 0.06, 0.00, 0.00, 0.00, 0.00, 0.00, 0.00, 0.00, 0.00, 0.00, 0.00, 0.00, 0.00, 0.00, 0.00, 0.00, 0.00, 0.00, 0.00, 0.00, 0.00, 0.00, 0.00, 0.00, 0.00, 0.00, 0.00, 0.00, 0.00, 0.00, 0.00, 0.00, 0.00, 0.00, 0.00]
];

Distance = [
 [0.0, 4.03, 4.03, 0.0, 0.0, 0.0, 0.0, 0.0, 0.0, 0.0, 0.0, 0.0, 0.0, 0.0, 0.0, 0.0, 0.0, 0.0, 0.0, 0.0, 0.0, 0.0, 0.0, 0.0, 0.0, 0.0, 0.0, 0.0, 0.0, 0.0, 0.0, 0.0, 0.0, 0.0, 0.0, 0.0, 0.0],
 [4.03, 0.0, 4.75, 0.0, 0.0, 0.0, 0.0, 3.1, 0.0, 0.0, 5.23, 0.0, 0.0, 0.0, 0.0, 0.0, 0.0, 3.29, 0.0, 0.0, 0.0, 0.0, 0.0, 0.0, 0.0, 0.0, 0.0, 0.0, 0.0, 0.0, 0.0, 0.0, 0.0, 0.0, 0.0, 0.0, 0.0],
 [4.03, 4.75, 0.0, 0.0, 0.0, 0.0, 4.93, 7.53, 0.0, 0.0, 0.0, 0.0, 0.0, 0.0, 0.0, 0.0, 0.0, 0.0, 0.0, 0.0, 0.0, 0.0, 0.0, 0.0, 0.0, 0.0, 0.0, 0.0, 0.0, 6.01, 0.0, 0.0, 0.0, 0.0, 0.0, 0.0, 4.03],
 [0.0, 0.0, 0.0, 0.0, 0.0, 3.97, 0.0, 0.0, 0.0, 0.0, 0.0, 0.0, 0.0, 0.0, 7.73, 0.0, 0.0, 0.0, 0.0, 0.0, 0.0, 0.0, 0.0, 0.0, 0.0, 0.0, 0.0, 0.0, 0.0, 0.0, 0.0, 0.0, 0.0, 0.0, 7.84, 0.0, 0.0],
 [0.0, 0.0, 0.0, 0.0, 0.0, 0.0, 0.0, 0.0, 0.0, 0.0, 0.0, 5.24, 6.12, 0.0, 3.22, 0.0, 0.0, 0.0, 5.23, 0.0, 0.0, 0.0, 0.0, 0.0, 0.0, 0.0, 0.0, 0.0, 0.0, 0.0, 0.0, 0.0, 0.0, 0.0, 0.0, 0.0, 0.0],
 [0.0, 0.0, 0.0, 3.97, 0.0, 0.0, 0.0, 0.0, 0.0, 0.0, 0.0, 0.0, 0.0, 0.0, 7.34, 0.0, 3.28, 0.0, 0.0, 0.0, 0.0, 0.0, 0.0, 0.0, 0.0, 0.0, 0.0, 0.0, 0.0, 0.0, 0.0, 0.0, 0.0, 0.0, 7.71, 0.0, 0.0],
 [0.0, 0.0, 4.93, 0.0, 0.0, 0.0, 0.0, 7.23, 0.0, 0.0, 0.0, 0.0, 0.0, 0.0, 0.0, 0.0, 0.0, 0.0, 0.0, 5.85, 0.0, 5.63, 0.0, 5.87, 0.0, 0.0, 0.0, 0.0, 0.0, 0.0, 0.0, 0.0, 0.0, 0.0, 0.0, 0.0, 0.0],
 [0.0, 3.1, 7.53, 0.0, 0.0, 0.0, 7.23, 0.0, 0.0, 0.0, 0.0, 0.0, 0.0, 0.0, 0.0, 0.0, 0.0, 0.0, 0.0, 7.81, 0.0, 5.08, 0.0, 0.0, 0.0, 0.0, 0.0, 0.0, 0.0, 0.0, 0.0, 0.0, 0.0, 0.0, 0.0, 0.0, 0.0],
 [0.0, 0.0, 0.0, 0.0, 0.0, 0.0, 0.0, 0.0, 0.0, 3.98, 0.0, 0.0, 0.0, 0.0, 0.0, 3.77, 0.0, 0.0, 0.0, 0.0, 0.0, 0.0, 6.13, 0.0, 0.0, 0.0, 0.0, 0.0, 0.0, 0.0, 6.67, 0.0, 7.02, 0.0, 0.0, 0.0, 0.0],
 [0.0, 0.0, 0.0, 0.0, 0.0, 0.0, 0.0, 0.0, 3.98, 0.0, 0.0, 0.0, 0.0, 0.0, 0.0, 0.0, 0.0, 0.0, 0.0, 0.0, 6.98, 0.0, 0.0, 0.0, 0.0, 0.0, 0.0, 0.0, 0.0, 0.0, 0.0, 0.0, 0.0, 3.47, 0.0, 5.28, 0.0],
 [0.0, 5.23, 0.0, 0.0, 0.0, 0.0, 0.0, 0.0, 0.0, 0.0, 0.0, 0.0, 0.0, 0.0, 0.0, 0.0, 0.0, 4.53, 0.0, 0.0, 0.0, 0.0, 0.0, 0.0, 0.0, 5.35, 0.0, 0.0, 0.0, 5.72, 0.0, 0.0, 0.0, 0.0, 0.0, 0.0, 0.0],
 [0.0, 0.0, 0.0, 0.0, 5.24, 0.0, 0.0, 0.0, 0.0, 0.0, 0.0, 0.0, 4.58, 0.0, 0.0, 0.0, 0.0, 0.0, 3.79, 0.0, 0.0, 0.0, 0.0, 0.0, 3.21, 0.0, 3.96, 0.0, 0.0, 0.0, 0.0, 0.0, 0.0, 0.0, 0.0, 0.0, 0.0],
 [0.0, 0.0, 0.0, 0.0, 6.12, 0.0, 0.0, 0.0, 0.0, 0.0, 0.0, 4.58, 0.0, 0.0, 0.0, 0.0, 0.0, 0.0, 5.77, 0.0, 0.0, 0.0, 0.0, 0.0, 6.17, 0.0, 7.19, 0.0, 0.0, 0.0, 0.0, 0.0, 0.0, 0.0, 0.0, 0.0, 0.0],
 [0.0, 0.0, 0.0, 0.0, 0.0, 0.0, 0.0, 0.0, 0.0, 0.0, 0.0, 0.0, 0.0, 0.0, 0.0, 0.0, 0.0, 0.0, 0.0, 0.0, 3.1, 0.0, 0.0, 0.0, 0.0, 0.0, 0.0, 0.0, 0.0, 3.29, 0.0, 6.44, 0.0, 0.0, 0.0, 5.78, 0.0],
 [0.0, 0.0, 0.0, 7.73, 3.22, 7.34, 0.0, 0.0, 0.0, 0.0, 0.0, 0.0, 0.0, 0.0, 0.0, 0.0, 4.47, 0.0, 0.0, 0.0, 0.0, 0.0, 0.0, 0.0, 0.0, 0.0, 0.0, 0.0, 0.0, 0.0, 0.0, 0.0, 0.0, 0.0, 4.12, 0.0, 0.0],
 [0.0, 0.0, 0.0, 0.0, 0.0, 0.0, 0.0, 0.0, 3.77, 0.0, 0.0, 0.0, 0.0, 0.0, 0.0, 0.0, 0.0, 0.0, 0.0, 0.0, 0.0, 0.0, 0.0, 0.0, 0.0, 0.0, 0.0, 4.5, 0.0, 0.0, 4.9, 0.0, 5.62, 0.0, 0.0, 0.0, 0.0],
 [0.0, 0.0, 0.0, 0.0, 0.0, 3.28, 0.0, 0.0, 0.0, 0.0, 0.0, 0.0, 0.0, 0.0, 4.47, 0.0, 0.0, 6.08, 0.0, 0.0, 0.0, 0.0, 0.0, 6.83, 0.0, 0.0, 0.0, 0.0, 0.0, 0.0, 0.0, 0.0, 0.0, 0.0, 0.0, 0.0, 0.0],
 [0.0, 3.29, 0.0, 0.0, 0.0, 0.0, 0.0, 0.0, 0.0, 0.0, 4.53, 0.0, 0.0, 0.0, 0.0, 0.0, 6.08, 0.0, 0.0, 0.0, 0.0, 0.0, 0.0, 0.0, 0.0, 7.67, 0.0, 0.0, 0.0, 3.14, 0.0, 0.0, 0.0, 0.0, 0.0, 0.0, 0.0],
 [0.0, 0.0, 0.0, 0.0, 5.23, 0.0, 0.0, 0.0, 0.0, 0.0, 0.0, 3.79, 5.77, 0.0, 0.0, 0.0, 0.0, 0.0, 0.0, 0.0, 0.0, 0.0, 0.0, 0.0, 0.0, 0.0, 0.0, 0.0, 0.0, 0.0, 0.0, 0.0, 0.0, 0.0, 0.0, 0.0, 0.0],
 [0.0, 0.0, 0.0, 0.0, 0.0, 0.0, 5.85, 7.81, 0.0, 0.0, 0.0, 0.0, 0.0, 0.0, 0.0, 0.0, 0.0, 0.0, 0.0, 0.0, 0.0, 7.02, 0.0, 6.45, 0.0, 0.0, 0.0, 0.0, 0.0, 0.0, 0.0, 0.0, 0.0, 0.0, 0.0, 0.0, 0.0],
 [0.0, 0.0, 0.0, 0.0, 0.0, 0.0, 0.0, 0.0, 0.0, 6.98, 0.0, 0.0, 0.0, 3.1, 0.0, 0.0, 0.0, 0.0, 0.0, 0.0, 0.0, 0.0, 0.0, 0.0, 0.0, 0.0, 0.0, 0.0, 0.0, 0.0, 0.0, 6.15, 0.0, 7.76, 0.0, 4.94, 0.0],
 [0.0, 0.0, 0.0, 0.0, 0.0, 0.0, 5.63, 5.08, 0.0, 0.0, 0.0, 0.0, 0.0, 0.0, 0.0, 0.0, 0.0, 0.0, 0.0, 7.02, 0.0, 0.0, 0.0, 0.0, 0.0, 0.0, 0.0, 0.0, 0.0, 0.0, 0.0, 0.0, 0.0, 0.0, 0.0, 0.0, 0.0],
 [0.0, 0.0, 0.0, 0.0, 0.0, 0.0, 0.0, 0.0, 6.13, 0.0, 0.0, 0.0, 0.0, 0.0, 0.0, 0.0, 0.0, 0.0, 0.0, 0.0, 0.0, 0.0, 0.0, 0.0, 0.0, 6.79, 0.0, 0.0, 0.0, 0.0, 0.0, 0.0, 0.0, 4.39, 0.0, 0.0, 0.0],
 [0.0, 0.0, 0.0, 0.0, 0.0, 0.0, 5.87, 0.0, 0.0, 0.0, 0.0, 0.0, 0.0, 0.0, 0.0, 0.0, 6.83, 0.0, 0.0, 6.45, 0.0, 0.0, 0.0, 0.0, 0.0, 0.0, 0.0, 0.0, 0.0, 0.0, 0.0, 0.0, 0.0, 0.0, 5.22, 0.0, 0.0],
 [0.0, 0.0, 0.0, 0.0, 0.0, 0.0, 0.0, 0.0, 0.0, 0.0, 0.0, 3.21, 6.17, 0.0, 0.0, 0.0, 0.0, 0.0, 0.0, 0.0, 0.0, 0.0, 0.0, 0.0, 0.0, 0.0, 7.57, 0.0, 4.72, 0.0, 0.0, 0.0, 0.0, 0.0, 0.0, 0.0, 0.0],
 [0.0, 0.0, 0.0, 0.0, 0.0, 0.0, 0.0, 0.0, 0.0, 0.0, 5.35, 0.0, 0.0, 0.0, 0.0, 0.0, 0.0, 7.67, 0.0, 0.0, 0.0, 0.0, 6.79, 0.0, 0.0, 0.0, 0.0, 0.0, 0.0, 0.0, 0.0, 0.0, 0.0, 0.0, 0.0, 0.0, 0.0],
 [0.0, 0.0, 0.0, 0.0, 0.0, 0.0, 0.0, 0.0, 0.0, 0.0, 0.0, 3.96, 7.19, 0.0, 0.0, 0.0, 0.0, 0.0, 0.0, 0.0, 0.0, 0.0, 0.0, 0.0, 7.57, 0.0, 0.0, 6.16, 5.9, 0.0, 0.0, 0.0, 0.0, 0.0, 0.0, 0.0, 0.0],
 [0.0, 0.0, 0.0, 0.0, 0.0, 0.0, 0.0, 0.0, 0.0, 0.0, 0.0, 0.0, 0.0, 0.0, 0.0, 4.5, 0.0, 0.0, 0.0, 0.0, 0.0, 0.0, 0.0, 0.0, 0.0, 0.0, 6.16, 0.0, 4.44, 0.0, 0.0, 0.0, 3.69, 0.0, 0.0, 0.0, 0.0],
 [0.0, 0.0, 0.0, 0.0, 0.0, 0.0, 0.0, 0.0, 0.0, 0.0, 0.0, 0.0, 0.0, 0.0, 0.0, 0.0, 0.0, 0.0, 0.0, 0.0, 0.0, 0.0, 0.0, 0.0, 4.72, 0.0, 5.9, 4.44, 0.0, 0.0, 0.0, 0.0, 7.14, 0.0, 0.0, 0.0, 0.0],
 [0.0, 0.0, 6.01, 0.0, 0.0, 0.0, 0.0, 0.0, 0.0, 0.0, 5.72, 0.0, 0.0, 3.29, 0.0, 0.0, 0.0, 3.14, 0.0, 0.0, 0.0, 0.0, 0.0, 0.0, 0.0, 0.0, 0.0, 0.0, 0.0, 0.0, 0.0, 0.0, 0.0, 0.0, 0.0, 0.0, 0.0],
 [0.0, 0.0, 0.0, 0.0, 0.0, 0.0, 0.0, 0.0, 6.67, 0.0, 0.0, 0.0, 0.0, 0.0, 0.0, 4.9, 0.0, 0.0, 0.0, 0.0, 0.0, 0.0, 0.0, 0.0, 0.0, 0.0, 0.0, 0.0, 0.0, 0.0, 0.0, 0.0, 6.81, 0.0, 0.0, 0.0, 0.0],
 [0.0, 0.0, 0.0, 0.0, 0.0, 0.0, 0.0, 0.0, 0.0, 0.0, 0.0, 0.0, 0.0, 6.44, 0.0, 0.0, 0.0, 0.0, 0.0, 0.0, 6.15, 0.0, 0.0, 0.0, 0.0, 0.0, 0.0, 0.0, 0.0, 0.0, 0.0, 0.0, 0.0, 0.0, 0.0, 0.0, 0.0],
 [0.0, 0.0, 0.0, 0.0, 0.0, 0.0, 0.0, 0.0, 7.02, 0.0, 0.0, 0.0, 0.0, 0.0, 0.0, 5.62, 0.0, 0.0, 0.0, 0.0, 0.0, 0.0, 0.0, 0.0, 0.0, 0.0, 0.0, 3.69, 7.14, 0.0, 6.81, 0.0, 0.0, 0.0, 0.0, 0.0, 0.0],
 [0.0, 0.0, 0.0, 0.0, 0.0, 0.0, 0.0, 0.0, 0.0, 3.47, 0.0, 0.0, 0.0, 0.0, 0.0, 0.0, 0.0, 0.0, 0.0, 0.0, 7.76, 0.0, 4.39, 0.0, 0.0, 0.0, 0.0, 0.0, 0.0, 0.0, 0.0, 0.0, 0.0, 0.0, 0.0, 3.31, 0.0],
 [0.0, 0.0, 0.0, 7.84, 0.0, 7.71, 0.0, 0.0, 0.0, 0.0, 0.0, 0.0, 0.0, 0.0, 4.12, 0.0, 0.0, 0.0, 0.0, 0.0, 0.0, 0.0, 0.0, 5.22, 0.0, 0.0, 0.0, 0.0, 0.0, 0.0, 0.0, 0.0, 0.0, 0.0, 0.0, 0.0, 0.0],
 [0.0, 0.0, 0.0, 0.0, 0.0, 0.0, 0.0, 0.0, 0.0, 5.28, 0.0, 0.0, 0.0, 5.78, 0.0, 0.0, 0.0, 0.0, 0.0, 0.0, 4.94, 0.0, 0.0, 0.0, 0.0, 0.0, 0.0, 0.0, 0.0, 0.0, 0.0, 0.0, 0.0, 3.31, 0.0, 0.0, 0.0],
 [0.0, 0.0, 4.03, 0.0, 0.0, 0.0, 0.0, 0.0, 0.0, 0.0, 0.0, 0.0, 0.0, 0.0, 0.0, 0.0, 0.0, 0.0, 0.0, 0.0, 0.0, 0.0, 0.0, 0.0, 0.0, 0.0, 0.0, 0.0, 0.0, 0.0, 0.0, 0.0, 0.0, 0.0, 0.0, 0.0, 0.0]
];