/*********************************************
 * OPL 12.8.0.0 Data
 * Author: ranji
 * Creation Date: Oct 18, 2025 at 2:54:05 AM
 *********************************************/

Initial = 100; // Initial energy level at the depot
Eth = 20;	// Minimum energy level
Cswap = 50;	// Cost of swapping a module
Tswap = 2;	// Time to swap a battery module
M = 5;		// The total number of battery modules

S = 0;		// Sourse of EV
D = 25;		// Destination of EV
G = 10000;  // Large value

Nodes = 25;
Visits = 20;

Station =  [0, 0, 0, 0, 0, 0, 0, 0, 0, 1, 1, 0, 0, 0, 0, 0, 0, 0, 0, 0, 0, 0, 0, 0, 0, 0];
Costumer = [0, 0, 0, 0, 0, 0, 0, 0, 0, 0, 0, 1, 1, 1, 1, 1, 1, 1, 1, 0, 0, 1, 1, 0, 0, 0];

Adj = 	[
    [0, 1, 1, 0, 0, 0, 0, 0, 0, 0, 0, 0, 0, 0, 0, 0, 0, 0, 0, 0, 0, 0, 0, 0, 0, 0],
    [1, 0, 1, 1, 0, 0, 0, 0, 0, 0, 0, 1, 0, 0, 0, 0, 0, 0, 0, 0, 0, 0, 0, 0, 0, 0],
    [1, 1, 0, 1, 0, 0, 0, 0, 0, 0, 0, 0, 0, 0, 1, 0, 0, 0, 0, 0, 0, 0, 0, 0, 0, 0],
    [0, 1, 1, 0, 0, 0, 0, 0, 0, 0, 0, 0, 0, 1, 0, 0, 0, 0, 0, 0, 0, 0, 0, 0, 0, 0],
    [0, 0, 0, 0, 0, 0, 0, 0, 0, 0, 1, 1, 1, 1, 0, 0, 0, 0, 0, 0, 0, 0, 0, 0, 0, 0],
    [0, 0, 0, 0, 0, 0, 0, 0, 0, 1, 0, 0, 0, 1, 1, 1, 0, 0, 0, 0, 0, 0, 0, 0, 0, 0],
    [0, 0, 0, 0, 0, 0, 0, 1, 0, 0, 0, 0, 1, 1, 0, 1, 0, 0, 0, 0, 0, 0, 0, 0, 0, 0],
    [0, 0, 0, 0, 0, 0, 1, 0, 1, 0, 0, 0, 1, 0, 0, 0, 1, 0, 0, 0, 0, 0, 0, 0, 0, 0],
    [0, 0, 0, 0, 0, 0, 0, 1, 0, 0, 0, 0, 0, 0, 0, 1, 1, 0, 0, 0, 0, 0, 0, 0, 0, 0],
    [0, 0, 0, 0, 0, 1, 0, 0, 0, 0, 0, 0, 0, 0, 0, 0, 0, 0, 0, 0, 0, 0, 0, 0, 0, 0],
    [0, 0, 0, 0, 1, 0, 0, 0, 0, 0, 0, 1, 1, 0, 0, 0, 0, 0, 0, 0, 0, 1, 1, 0, 0, 0],
    [0, 1, 0, 0, 1, 0, 0, 0, 0, 0, 1, 0, 0, 0, 0, 0, 0, 0, 0, 0, 0, 0, 0, 1, 0, 0],
    [0, 0, 0, 0, 1, 0, 1, 1, 0, 0, 1, 0, 0, 0, 0, 0, 0, 0, 0, 0, 0, 0, 0, 0, 1, 0],
    [0, 0, 0, 1, 1, 1, 1, 0, 0, 0, 0, 0, 0, 0, 1, 0, 0, 0, 0, 0, 0, 0, 0, 0, 0, 0],
    [0, 0, 1, 0, 0, 1, 0, 0, 0, 0, 0, 0, 0, 1, 0, 0, 0, 0, 0, 0, 0, 0, 0, 0, 0, 0],
    [0, 0, 0, 0, 0, 1, 1, 0, 1, 0, 0, 0, 0, 0, 0, 0, 0, 0, 0, 1, 0, 0, 0, 0, 0, 0],
    [0, 0, 0, 0, 0, 0, 0, 1, 1, 0, 0, 0, 0, 0, 0, 0, 0, 0, 0, 0, 1, 0, 0, 0, 0, 0],
    [0, 0, 0, 0, 0, 0, 0, 0, 0, 0, 0, 0, 0, 0, 0, 0, 0, 0, 1, 0, 1, 0, 0, 0, 0, 0],
    [0, 0, 0, 0, 0, 0, 0, 0, 0, 0, 0, 0, 0, 0, 0, 0, 0, 1, 0, 1, 0, 0, 0, 0, 0, 0],
    [0, 0, 0, 0, 0, 0, 0, 0, 0, 0, 0, 0, 0, 0, 0, 1, 0, 0, 1, 0, 1, 0, 0, 0, 0, 0],
    [0, 0, 0, 0, 0, 0, 0, 0, 0, 0, 0, 0, 0, 0, 0, 0, 1, 1, 0, 1, 0, 0, 0, 0, 0, 0],
    [0, 0, 0, 0, 0, 0, 0, 0, 0, 0, 1, 0, 0, 0, 0, 0, 0, 0, 0, 0, 0, 0, 0, 1, 0, 0],
    [0, 0, 0, 0, 0, 0, 0, 0, 0, 0, 1, 0, 0, 0, 0, 0, 0, 0, 0, 0, 0, 0, 0, 0, 1, 0],
    [0, 0, 0, 0, 0, 0, 0, 0, 0, 0, 0, 1, 0, 0, 0, 0, 0, 0, 0, 0, 0, 1, 0, 0, 0, 0],
    [0, 0, 0, 0, 0, 0, 0, 0, 0, 0, 0, 0, 1, 0, 0, 0, 0, 0, 0, 0, 0, 0, 1, 0, 0, 0],
    [0, 0, 1, 0, 0, 0, 0, 0, 0, 0, 0, 0, 0, 0, 0, 0, 0, 0, 0, 0, 0, 0, 0, 0, 0, 0]
];

Trav =	[
    [0, 9.6, 9.6, 0, 0, 0, 0, 0, 0, 0, 0, 0, 0, 0, 0, 0, 0, 0, 0, 0, 0, 0],
    [9.6, 0, 9.6, 9.6, 0, 0, 0, 0, 0, 0, 0, 9.6, 0, 0, 0, 0, 0, 0, 0, 0, 0, 0],
    [9.6, 9.6, 0, 9.6, 0, 0, 0, 0, 0, 0, 0, 0, 0, 0, 9.6, 0, 0, 0, 0, 0, 0, 0],
    [0, 9.6, 9.6, 0, 0, 0, 0, 0, 0, 0, 0, 0, 0, 9.6, 0, 0, 0, 0, 0, 0, 0, 0],
    [0, 0, 0, 0, 0, 0, 0, 0, 0, 0, 9.6, 9.6, 9.6, 9.6, 0, 0, 0, 0, 0, 0, 0, 0],
    [0, 0, 0, 0, 0, 0, 0, 0, 0, 9.6, 0, 0, 0, 9.6, 9.6, 9.6, 0, 0, 0, 0, 0, 0],
    [0, 0, 0, 0, 0, 0, 0, 9.6, 0, 0, 0, 0, 9.6, 9.6, 0, 9.6, 0, 0, 0, 0, 0, 0],
    [0, 0, 0, 0, 0, 0, 9.6, 0, 9.6, 0, 0, 0, 9.6, 0, 0, 0, 9.6, 0, 0, 0, 0, 0],
    [0, 0, 0, 0, 0, 0, 0, 9.6, 0, 0, 0, 0, 0, 0, 0, 9.6, 9.6, 0, 0, 0, 0, 0],
    [0, 0, 0, 0, 0, 9.6, 0, 0, 0, 0, 0, 0, 0, 0, 0, 0, 0, 0, 0, 0, 0, 0],
    [0, 0, 0, 0, 9.6, 0, 0, 0, 0, 0, 0, 9.6, 9.6, 0, 0, 0, 0, 0, 0, 0, 0, 0],
    [0, 9.6, 0, 0, 9.6, 0, 0, 0, 0, 0, 9.6, 0, 0, 0, 0, 0, 0, 0, 0, 0, 0, 0],
    [0, 0, 0, 0, 9.6, 0, 9.6, 9.6, 0, 0, 9.6, 0, 0, 0, 0, 0, 0, 0, 0, 0, 0, 0],
    [0, 0, 0, 9.6, 9.6, 9.6, 9.6, 0, 0, 0, 0, 0, 0, 0, 9.6, 0, 0, 0, 0, 0, 0, 0],
    [0, 0, 9.6, 0, 0, 9.6, 0, 0, 0, 0, 0, 0, 0, 9.6, 0, 0, 0, 0, 0, 0, 0, 0],
    [0, 0, 0, 0, 0, 9.6, 9.6, 0, 9.6, 0, 0, 0, 0, 0, 0, 0, 0, 0, 0, 9.6, 0, 0],
    [0, 0, 0, 0, 0, 0, 0, 9.6, 9.6, 0, 0, 0, 0, 0, 0, 0, 0, 0, 0, 0, 9.6, 0],
    [0, 0, 0, 0, 0, 0, 0, 0, 0, 0, 0, 0, 0, 0, 0, 0, 0, 0, 9.6, 0, 9.6, 0],
    [0, 0, 0, 0, 0, 0, 0, 0, 0, 0, 0, 0, 0, 0, 0, 0, 0, 9.6, 0, 9.6, 0, 0],
    [0, 0, 0, 0, 0, 0, 0, 0, 0, 0, 0, 0, 0, 0, 0, 9.6, 0, 0, 9.6, 0, 9.6, 0],
    [0, 0, 0, 0, 0, 0, 0, 0, 0, 0, 0, 0, 0, 0, 0, 0, 9.6, 9.6, 0, 9.6, 0, 0],
    [0, 0, 9.6, 0, 0, 0, 0, 0, 0, 0, 0, 0, 0, 0, 0, 0, 0, 0, 0, 0, 0, 0]
];

Edep =	[
    [0, 2.138, 2.138, 0, 0, 0, 0, 0, 0, 0, 0, 0, 0, 0, 0, 0, 0, 0, 0, 0, 0, 0, 0, 0, 0, 0],
    [2.138, 0, 2.138, 2.138, 0, 0, 0, 0, 0, 0, 0, 2.138, 0, 0, 0, 0, 0, 0, 0, 0, 0, 0, 0, 0, 0, 0],
    [2.138, 2.138, 0, 2.138, 0, 0, 0, 0, 0, 0, 0, 0, 0, 0, 2.138, 0, 0, 0, 0, 0, 0, 0, 0, 0, 0, 0],
    [0, 2.138, 2.138, 0, 0, 0, 0, 0, 0, 0, 0, 0, 0, 2.138, 0, 0, 0, 0, 0, 0, 0, 0, 0, 0, 0, 0],
    [0, 0, 0, 0, 0, 0, 0, 0, 0, 0, 2.138, 2.138, 2.138, 2.138, 0, 0, 0, 0, 0, 0, 0, 0, 0, 0, 0, 0],
    [0, 0, 0, 0, 0, 0, 0, 0, 0, 2.138, 0, 0, 0, 2.138, 2.138, 2.138, 0, 0, 0, 0, 0, 0, 0, 0, 0, 0],
    [0, 0, 0, 0, 0, 0, 0, 2.138, 0, 0, 0, 0, 2.138, 2.138, 0, 2.138, 0, 0, 0, 0, 0, 0, 0, 0, 0, 0],
    [0, 0, 0, 0, 0, 0, 2.138, 0, 2.138, 0, 0, 0, 2.138, 0, 0, 0, 2.138, 0, 0, 0, 0, 0, 0, 0, 0, 0],
    [0, 0, 0, 0, 0, 0, 0, 2.138, 0, 0, 0, 0, 0, 0, 0, 2.138, 2.138, 0, 0, 0, 0, 0, 0, 0, 0, 0],
    [0, 0, 0, 0, 0, 2.138, 0, 0, 0, 0, 0, 0, 0, 0, 0, 0, 0, 0, 0, 0, 0, 0, 0, 0, 0, 0],
    [0, 0, 0, 0, 2.138, 0, 0, 0, 0, 0, 0, 2.138, 2.138, 0, 0, 0, 0, 0, 0, 0, 0, 2.138, 2.138, 0, 0, 0],
    [0, 2.138, 0, 0, 2.138, 0, 0, 0, 0, 0, 2.138, 0, 0, 0, 0, 0, 0, 0, 0, 0, 0, 0, 0, 2.138, 0, 0],
    [0, 0, 0, 0, 2.138, 0, 2.138, 2.138, 0, 0, 2.138, 0, 0, 0, 0, 0, 0, 0, 0, 0, 0, 0, 0, 0, 2.138, 0],
    [0, 0, 0, 2.138, 2.138, 2.138, 2.138, 0, 0, 0, 0, 0, 0, 0, 2.138, 0, 0, 0, 0, 0, 0, 0, 0, 0, 0, 0],
    [0, 0, 2.138, 0, 0, 2.138, 0, 0, 0, 0, 0, 0, 0, 2.138, 0, 0, 0, 0, 0, 0, 0, 0, 0, 0, 0, 0],
    [0, 0, 0, 0, 0, 2.138, 2.138, 0, 2.138, 0, 0, 0, 0, 0, 0, 0, 0, 0, 0, 2.138, 0, 0, 0, 0, 0, 0],
    [0, 0, 0, 0, 0, 0, 0, 2.138, 2.138, 0, 0, 0, 0, 0, 0, 0, 0, 0, 0, 0, 2.138, 0, 0, 0, 0, 0],
    [0, 0, 0, 0, 0, 0, 0, 0, 0, 0, 0, 0, 0, 0, 0, 0, 0, 0, 2.138, 0, 2.138, 0, 0, 0, 0, 0],
    [0, 0, 0, 0, 0, 0, 0, 0, 0, 0, 0, 0, 0, 0, 0, 0, 0, 2.138, 0, 2.138, 0, 0, 0, 0, 0, 0],
    [0, 0, 0, 0, 0, 0, 0, 0, 0, 0, 0, 0, 0, 0, 0, 2.138, 0, 0, 2.138, 0, 2.138, 0, 0, 0, 0, 0],
    [0, 0, 0, 0, 0, 0, 0, 0, 0, 0, 0, 0, 0, 0, 0, 0, 2.138, 2.138, 0, 2.138, 0, 0, 0, 0, 0, 0],
    [0, 0, 0, 0, 0, 0, 0, 0, 0, 0, 2.138, 0, 0, 0, 0, 0, 0, 0, 0, 0, 0, 0, 0, 2.138, 0, 0],
    [0, 0, 0, 0, 0, 0, 0, 0, 0, 0, 2.138, 0, 0, 0, 0, 0, 0, 0, 0, 0, 0, 0, 0, 0, 2.138, 0],
    [0, 0, 0, 0, 0, 0, 0, 0, 0, 0, 0, 2.138, 0, 0, 0, 0, 0, 0, 0, 0, 0, 2.138, 0, 0, 0, 0],
    [0, 0, 0, 0, 0, 0, 0, 0, 0, 0, 0, 0, 2.138, 0, 0, 0, 0, 0, 0, 0, 0, 0, 2.138, 0, 0, 0],
    [0, 0, 2.138, 0, 0, 0, 0, 0, 0, 0, 0, 0, 0, 0, 0, 0, 0, 0, 0, 0, 0, 0, 0, 0, 0, 0]
];
		
Ebox =	[
    [0, 0.266, 0.266, 0, 0, 0, 0, 0, 0, 0, 0, 0, 0, 0, 0, 0, 0, 0, 0, 0, 0, 0, 0, 0, 0, 0],
    [0.266, 0, 0.266, 0.266, 0, 0, 0, 0, 0, 0, 0, 0.266, 0, 0, 0, 0, 0, 0, 0, 0, 0, 0, 0, 0, 0, 0],
    [0.266, 0.266, 0, 0.266, 0, 0, 0, 0, 0, 0, 0, 0, 0, 0, 0.266, 0, 0, 0, 0, 0, 0, 0, 0, 0, 0, 0],
    [0, 0.266, 0.266, 0, 0, 0, 0, 0, 0, 0, 0, 0, 0, 0.266, 0, 0, 0, 0, 0, 0, 0, 0, 0, 0, 0, 0],
    [0, 0, 0, 0, 0, 0, 0, 0, 0, 0, 0.266, 0.266, 0.266, 0.266, 0, 0, 0, 0, 0, 0, 0, 0, 0, 0, 0, 0],
    [0, 0, 0, 0, 0, 0, 0, 0, 0, 0.266, 0, 0, 0, 0.266, 0.266, 0.266, 0, 0, 0, 0, 0, 0, 0, 0, 0, 0],
    [0, 0, 0, 0, 0, 0, 0, 0.266, 0, 0, 0, 0, 0.266, 0.266, 0, 0.266, 0, 0, 0, 0, 0, 0, 0, 0, 0, 0],
    [0, 0, 0, 0, 0, 0, 0.266, 0, 0.266, 0, 0, 0, 0.266, 0, 0, 0, 0.266, 0, 0, 0, 0, 0, 0, 0, 0, 0],
    [0, 0, 0, 0, 0, 0, 0, 0.266, 0, 0, 0, 0, 0, 0, 0, 0.266, 0.266, 0, 0, 0, 0, 0, 0, 0, 0, 0],
    [0, 0, 0, 0, 0, 0.266, 0, 0, 0, 0, 0, 0, 0, 0, 0, 0, 0, 0, 0, 0, 0, 0, 0, 0, 0, 0],
    [0, 0, 0, 0, 0.266, 0, 0, 0, 0, 0, 0, 0.266, 0.266, 0, 0, 0, 0, 0, 0, 0, 0, 0.266, 0.266, 0, 0, 0],
    [0, 0.266, 0, 0, 0.266, 0, 0, 0, 0, 0, 0.266, 0, 0, 0, 0, 0, 0, 0, 0, 0, 0, 0, 0, 0.266, 0, 0],
    [0, 0, 0, 0, 0.266, 0, 0.266, 0.266, 0, 0, 0.266, 0, 0, 0, 0, 0, 0, 0, 0, 0, 0, 0, 0, 0, 0.266, 0],
    [0, 0, 0, 0.266, 0.266, 0.266, 0.266, 0, 0, 0, 0, 0, 0, 0, 0.266, 0, 0, 0, 0, 0, 0, 0, 0, 0, 0, 0],
    [0, 0, 0.266, 0, 0, 0.266, 0, 0, 0, 0, 0, 0, 0, 0.266, 0, 0, 0, 0, 0, 0, 0, 0, 0, 0, 0, 0],
    [0, 0, 0, 0, 0, 0.266, 0.266, 0, 0.266, 0, 0, 0, 0, 0, 0, 0, 0, 0, 0, 0.266, 0, 0, 0, 0, 0, 0],
    [0, 0, 0, 0, 0, 0, 0, 0.266, 0.266, 0, 0, 0, 0, 0, 0, 0, 0, 0, 0, 0, 0.266, 0, 0, 0, 0, 0],
    [0, 0, 0, 0, 0, 0, 0, 0, 0, 0, 0, 0, 0, 0, 0, 0, 0, 0, 0.266, 0, 0.266, 0, 0, 0, 0, 0],
    [0, 0, 0, 0, 0, 0, 0, 0, 0, 0, 0, 0, 0, 0, 0, 0, 0, 0.266, 0, 0.266, 0, 0, 0, 0, 0, 0],
    [0, 0, 0, 0, 0, 0, 0, 0, 0, 0, 0, 0, 0, 0, 0, 0.266, 0, 0, 0.266, 0, 0.266, 0, 0, 0, 0, 0],
    [0, 0, 0, 0, 0, 0, 0, 0, 0, 0, 0, 0, 0, 0, 0, 0, 0.266, 0.266, 0, 0.266, 0, 0, 0, 0, 0, 0],
    [0, 0, 0, 0, 0, 0, 0, 0, 0, 0, 0.266, 0, 0, 0, 0, 0, 0, 0, 0, 0, 0, 0, 0, 0.266, 0, 0],
    [0, 0, 0, 0, 0, 0, 0, 0, 0, 0, 0.266, 0, 0, 0, 0, 0, 0, 0, 0, 0, 0, 0, 0, 0, 0.266, 0],
    [0, 0, 0, 0, 0, 0, 0, 0, 0, 0, 0, 0.266, 0, 0, 0, 0, 0, 0, 0, 0, 0, 0.266, 0, 0, 0, 0],
    [0, 0, 0, 0, 0, 0, 0, 0, 0, 0, 0, 0, 0.266, 0, 0, 0, 0, 0, 0, 0, 0, 0, 0.266, 0, 0, 0],
    [0, 0, 0.266, 0, 0, 0, 0, 0, 0, 0, 0, 0, 0, 0, 0, 0, 0, 0, 0, 0, 0, 0, 0, 0, 0, 0]
];