// solution (optimal) with objective 1867.9400605864
// Quality Incumbent solution:
// MIQCP objective                                1.8679400606e+03
// MIQCP solution norm |x| (Total, Max)           4.50453e+04  1.71730e+02
// MIQCP solution error (Ax=b) (Total, Max)       1.29951e-08  2.52424e-12
// MIQCP solution error (x'Qx+dx=f) (Total, Max)  9.96462e-09  1.84741e-12
// MIQCP x bound error (Total, Max)               0.00000e+00  0.00000e+00
// MIQCP x integrality error (Total, Max)         4.10652e-06  4.30337e-08
// MIQCP slack bound error (Total, Max)           0.00000e+00  0.00000e+00
// MIQCP quad. slack bound error (Total, Max)     1.27456e-05  7.63172e-07
// 

T = [0
         11.92 21.68 27.41 31.67 39.23 42.98 55.69 61.91 69.7 84.31 91.87 97.72
         109.08 112.89 119.49 129.29 134 144.51 151.05 159.81 171.73];
C = [[0 0 0 0 0 0 0 0 0 0 0 0 0 0 0 0 0 0 0 0 0 0]
             [0 0 0 0 0 0 0 0 0 0 0 0 0 0 0 0 0 0 0 0 0 0]
             [0 0 0 0 0 0 0 0 0 0 0 0 0 0 0 0 0 0 0 0 0 0]
             [0 0 0 0.0000017307 0.0000018101 0.0000018423 0.0000020347 0.0000019801
             0.0000020526 0.0000020908 0.0000020887 0.0000020765 0.0000021122
             0.0000021095 0.0000021119 0.0000021162 0.0000021117 0.0000021103
             0.0000020989 0.000002067 0.0000019989 0]
             [0 0 0 0 0 0 0 0 0 0 0 0 0 0 0 0 0 0 0 0 0 0]
             [0 0 0 0 0 0 0 0 0 0 0 0 0 0 0 0 0 0 0 0 0 0]
             [0 0 0 0 0 0 0 0 0 0 0 0 0 0 0 0 0 0 0 0 0 0]
             [0 0 0 0 0 0 0 0 0 0 0 0 0 0 0 0 0 0 0 0 0 0]
             [0 0 0 0 0 0 0 0 0 0 0 0 0 0 0 0 0 0 0 0 0 0]
             [0 0 0 0 0 0 0 0 0 0 0 0 0 0 0 0 0 0 0 0 0 0]
             [0 0 0 0 0 0 0 0 0 0 0 0 0 0 0 0 0 0 0 0 0 0]
             [0 0 0 0 0 0 0 0 0 0 0 0 0 0 0 0 0 0 0 0 0 0]
             [0 0 0 0 0 0 0 0 0 0 0 0 0 0 0 0 0 0 0 0 0 0]
             [0 0 0 0 0 0 0 0 0 0 0 0 0 0 0 0 0 0 0 0 0 0]
             [0 0 0 0 0 0 0 0 0 0 0 0 0 0 0 0 0 0 0 0 0 0]
             [0 0 0 0 0 0 0 0 0 0 0 0 0 0 0 0 0 0 0 0 0 0]
             [0 0 0 0 0.0000018897 0.0000019812 0.000002036 0.000002099 0.0000021115
             0.0000020931 0.0000021006 0.0000020766 0.0000021126 0.0000021099
             0.0000021122 0.0000021165 0.0000021119 0.0000021105 0.000002099
             0.0000020672 0.000001999 0]
             [0 0 0 0 0 0 0 0 0 0 0 0 0 0 0 0 0 0 0 0 0 0]
             [0 0 0 0.0000015893 0.0000018078 0.0000016418 0.0000020344 0.0000019802
             0.0000020527 0.0000020908 0.0000020887 0.0000020767 0.0000021123
             0.0000021097 0.0000021121 0.0000021164 0.0000021376 0.0000021139
             0.0000021118 0.0000020879 0.0000019989 0]
             [0 0 0 0 0 0 0 0 0 0 0 0 0 0 0 0 0 0 0 0 0 0]
             [0 0 0 0 0 0 0 0 0 0 0 0 0 0 0 0 0 0 0 0 0 0]
             [0 0 0 0.0000015893 0.0000018081 0.0000019808 0.0000020347 0.0000020161
             0.0000020527 0.0000020909 0.0000020889 0.0000020769 0.0000021125
             0.00000211 0.0000021517 0.0000021171 0.0000021231 0.0000021106
             0.0000021249 0.0000020681 0.0000020073 0]
             [0 0 0 0 0 0 0 0 0 0 0 0 0 0 0 0 0 0 0 0 0 0]
             [0 0 0 0 0 0 0 0 0 0 0 0 0 0 0 0 0 0 0 0 0 0]
             [0 0 0 0 0 0 0 0.0000019974 0.0000020526 0.0000020908 0.0000020888
             0.0000021422 0.0000021472 0.0000021264 0.0000021264 0.0000021162
             0.0000021117 0.0000021104 0.000002099 0.0000020671 0.0000019989
             0]
             [0 0 0 0 0 0 0.0000020642 0.0000019826 0.0000021365 0.0000021325
             0.0000021015 0.0000020983 0.0000021123 0.0000021098 0.0000021122
             0.0000021165 0.000002112 0.0000021106 0.0000020991 0.0000020673
             0.0000019991 0]
             [0 0 0 0 0 0 0 0 0 0 0 0 0 0 0 0 0 0 0 0 0 0]
             [0 0 0 0 0 0 0 0 0 0 0 0 0 0 0 0 0 0 0 0 0 0]
             [0 0 0 0 0 0 0 0 0 0 0 0 0 0 0 0 0 0 0 0 0 0]
             [0 0 0 0 0 0 0 0 0 0 0 0 0 0 0 0 0 0 0 0 0 0]
             [0 0 0 0 0 0 0 0 0 0 0 0 0 0 0 0 0 0 0 0 0 0]
             [0 0 0 0 0 0 0 0 0 0 0 0 0 0 0 0 0 0 0 0 0 0]
             [0 0 0 0 0 0 0 0 0 0 0 0 0 0 0 0 0 0 0 0 0 0]];
P = [[1 0 0 0 0 0 0 0 0 0 0 0 0 0 0 0 0 0 0 0 0 0]
             [0 1 0 0 0 0 0 0 0 0 0 0 0 0 0 0 0 0 0 0 0 0]
             [0 0 0 0 0 0 0 0 0 0 0 0 0 0 0 0 0 0 0 0 1 0]
             [0 0 0 0 0 0 0 0 0 0 0 0 0 0 0 0 0 0 0 0 0 0]
             [0 0 0 0 0 0 0 0 0 0 0 0 1 0 0 0 0 0 0 0 0 0]
             [0 0 0 0 0 0 0 0 0 0 0 0 0 0 1 0 0 0 0 0 0 0]
             [0 0 0 0 0 1 0 0 0 0 0 0 0 0 0 0 0 0 0 0 0 0]
             [0 0 0 0 0 0 0 0 0 0 0 0 0 0 0 0 0 0 0 0 0 0]
             [0 0 1 0 0 0 0 0 0 0 0 0 0 0 0 0 0 0 0 0 0 0]
             [0 0 0 0 0 0 0 1 0 0 0 0 0 0 0 0 0 0 0 0 0 0]
             [0 0 0 0 0 0 0 0 0 0 0 0 0 0 0 0 0 1 0 0 0 0]
             [0 0 0 0 0 0 0 0 0 0 0 0 0 0 0 0 0 0 0 0 0 0]
             [0 0 0 0 0 0 1 0 0 0 0 0 0 0 0 0 0 0 0 0 0 0]
             [0 0 0 1 0 0 0 0 0 0 0 0 0 0 0 0 0 0 0 0 0 0]
             [0 0 0 0 1 0 0 0 0 0 0 0 0 0 0 0 0 0 0 0 0 0]
             [0 0 0 0 0 0 0 0 0 0 0 0 0 1 0 0 0 0 0 0 0 0]
             [0 0 0 0 0 0 0 0 0 0 0 0 0 0 0 0 0 0 0 0 0 0]
             [0 0 0 0 0 0 0 0 0 0 0 0 0 0 0 0 0 0 0 0 0 0]
             [0 0 0 0 0 0 0 0 0 0 0 0 0 0 0 0 0 0 0 0 0 0]
             [0 0 0 0 0 0 0 0 0 0 0 0 0 0 0 0 0 0 1 0 0 0]
             [0 0 0 0 0 0 0 0 0 0 0 0 0 0 0 1 0 0 0 0 0 0]
             [0 0 0 0 0 0 0 0 0 0 0 0 0 0 0 0 0 0 0 0 0 0]
             [0 0 0 0 0 0 0 0 0 1 0 0 0 0 0 0 0 0 0 0 0 0]
             [0 0 0 0 0 0 0 0 1 0 0 0 0 0 0 0 0 0 0 0 0 0]
             [0 0 0 0 0 0 0 0 0 0 0 0 0 0 0 0 0 0 0 0 0 0]
             [0 0 0 0 0 0 0 0 0 0 0 0 0 0 0 0 0 0 0 0 0 0]
             [0 0 0 0 0 0 0 0 0 0 0 1 0 0 0 0 0 0 0 0 0 0]
             [0 0 0 0 0 0 0 0 0 0 0 0 0 0 0 0 0 0 0 0 0 0]
             [0 0 0 0 0 0 0 0 0 0 0 0 0 0 0 0 0 0 0 1 0 0]
             [0 0 0 0 0 0 0 0 0 0 0 0 0 0 0 0 1 0 0 0 0 0]
             [0 0 0 0 0 0 0 0 0 0 1 0 0 0 0 0 0 0 0 0 0 0]
             [0 0 0 0 0 0 0 0 0 0 0 0 0 0 0 0 0 0 0 0 0 0]
             [0 0 0 0 0 0 0 0 0 0 0 0 0 0 0 0 0 0 0 0 0 1]];
Y = [[0 0 0 0 0 0 0 0 0 0 0 0 0 0 0 0 0 0 0 0 0 0]
             [0 0 0 0 0 0 0 0 0 0 0 0 0 0 0 0 0 0 0 0 0 0]
             [0 0 0 0 0 0 0 0 0 0 0 0 0 0 0 0 0 0 0 0 0 0]
             [0 0 0 0 0 0 0 0 0 0 0 0 0 0 0 0 0 0 0 0 0 0]
             [0 0 0 0 0 0 0 0 0 0 0 0 0 0 0 0 0 0 0 0 0 0]
             [0 0 0 0 0 0 0 0 0 0 0 0 0 0 0 0 0 0 0 0 0 0]
             [0 0 0 0 0 0 0 0 0 0 0 0 0 0 0 0 0 0 0 0 0 0]
             [0 0 0 0 0 0 0 0 0 0 0 0 0 0 0 0 0 0 0 0 0 0]
             [0 0 0 0 0 0 0 0 0 0 0 0 0 0 0 0 0 0 0 0 0 0]
             [0 0 0 0 0 0 0 0 0 0 0 0 0 0 0 0 0 0 0 0 0 0]
             [0 0 0 0 0 0 0 0 0 0 0 0 0 0 0 0 0 0 0 0 0 0]
             [0 0 0 0 0 0 0 0 0 0 0 0 0 0 0 0 0 0 0 0 0 0]
             [0 0 0 0 0 0 0 0 0 0 0 0 0 0 0 0 0 0 0 0 0 0]
             [0 0 0 0 0 0 0 0 0 0 0 0 0 0 0 0 0 0 0 0 0 0]
             [0 0 0 0 0 0 0 0 0 0 0 0 0 0 0 0 0 0 0 0 0 0]
             [0 0 0 0 0 0 0 0 0 0 0 0 0 0 0 0 0 0 0 0 0 0]
             [0 0 0 0 0 0 0 0 0 0 0 0 0 0 0 0 0 0 0 0 0 0]
             [0 0 0 0 0 0 0 0 0 0 0 0 0 0 0 0 0 0 0 0 0 0]
             [0 0 0 0 0 0 0 0 0 0 0 0 0 0 0 0 0 0 0 0 0 0]
             [0 0 0 0 0 0 0 0 0 0 0 0 0 0 0 0 0 0 0 0 0 0]
             [0 0 0 0 0 0 0 0 0 0 0 0 0 0 0 0 0 0 0 0 0 0]
             [0 0 0 0 0 0 0 0 0 0 0 0 0 0 0 0 0 0 0 0 0 0]
             [0 0 0 0 0 0 0 0 0 0 0 0 0 0 0 0 0 0 0 0 0 0]
             [0 0 0 0 0 0 0 0 0 0 0 0 0 0 0 0 0 0 0 0 0 0]
             [0 0 0 0 0 0 0 0 0 0 0 0 0 0 0 0 0 0 0 0 0 0]
             [0 0 0 0 0 0 0 0 0 0 0 0 0 0 0 0 0 0 0 0 0 0]
             [0 0 0 0 0 0 0 0 0 0 0 0 0 0 0 0 0 0 0 0 0 0]
             [0 0 0 0 0 0 0 0 0 0 0 0 0 0 0 0 0 0 0 0 0 0]
             [0 0 0 0 0 0 0 0 0 0 0 0 0 0 0 0 0 0 0 0 0 0]
             [0 0 0 0 0 0 0 0 0 0 0 0 0 0 0 0 0 0 0 0 0 0]
             [0 0 0 0 0 0 0 0 0 0 0 0 0 0 0 0 0 0 0 0 0 0]
             [0 0 0 0 0 0 0 0 0 0 0 0 0 0 0 0 0 0 0 0 0 0]
             [0 0 0 0 0 0 0 0 0 0 0 0 0 0 0 0 0 0 0 0 0 0]];
E = [[100 20 96.419 96.876 96.296 95.798 91.845 82.935 74.973 69.861 66.416
             63.948 62.017 60.37 58.833 57.151 55.259 52.739 49.234 45.536
             36.14 21.501]
             [100 94.374 96.42 96.663 96.297 95.798 91.844 82.932 74.969 69.86
             66.413 63.944 62.017 60.367 58.83 57.148 55.256 52.737 49.235
             45.544 36.144 21.503]
             [100 91.778 96.712 96.875 96.296 95.797 91.844 82.931 74.967 69.86
             66.412 63.943 62.017 60.366 58.829 57.146 55.255 52.714 50.682
             46.703 40.088 21.459]
             [100 20 20 96.839 96.369 95.414 92.424 84.292 76.055 70.921 67.297
             64.811 62.924 61.287 59.758 58.097 56.227 53.74 50.281 45.111
             37.277 21.58]
             [100 20 20 20 20 20 20 81.821 74.985 69.839 67.753 66.471 58.521
             58.005 57.669 57.167 55.257 52.737 49.257 44.094 36.162 21.581]
             [100 20 20 20 20 95.433 91.848 82.932 74.969 69.86 66.412 63.924
             63.327 62.89 54.359 54.801 54.088 52.756 49.258 44.095 36.163
             21.581]
             [100 20 20 96.741 96.895 74.849 90.322 81.833 74.983 69.86 66.412
             63.944 62.017 60.376 58.213 57.765 55.247 52.737 49.258 44.095
             36.164 21.581]
             [100 20 96.42 96.876 96.296 95.798 91.844 82.932 74.968 69.86
             66.412 63.944 62.017 60.367 58.829 57.147 55.234 54.141 50.68
             44.153 34.75 21.504]
             [100 20 86.917 96.741 96.449 95.499 91.157 82.938 74.964 69.859
             66.409 63.941 62.016 60.364 58.826 57.144 55.253 52.734 49.258
             44.097 36.168 21.583]
             [100 20 20 20 20 95.941 93.498 69.047 74.088 68.643 65.183 63.96
             62.017 60.364 58.825 57.145 55.253 52.734 49.259 44.097 36.169
             21.583]
             [100 20 20 96.635 96.297 95.798 91.844 82.933 74.97 69.86 66.413
             63.945 62.017 60.368 58.81 58.481 57.823 47.795 48.179 42.756
             34.766 21.581]
             [100 20 20 20 20 20 91.055 82.941 74.966 69.839 67.768 65.266
             62.127 60.517 57.633 55.962 55.274 52.735 49.258 44.096 36.167
             21.582]
             [100 20 20 20 96.405 96.518 72.006 80.703 73.777 69.878 66.411
             63.943 62.016 60.366 58.819 57.755 55.246 52.736 49.257 44.095
             36.165 21.582]
             [100 20 20 82.118 95.696 95.501 91.847 82.933 74.97 69.86 66.413
             63.945 62.016 60.368 58.83 57.148 55.257 52.737 49.257 44.094
             36.162 21.58]
             [100 20 20 96.97 78.316 95.097 91.164 82.94 74.968 69.86 66.412
             63.944 62.016 60.367 58.829 57.138 55.875 52.727 49.257 44.095
             36.164 21.581]
             [100 20 20 20 20 20 91.054 82.939 74.967 69.859 66.39 65.25 64.538
             56.251 56.478 55.983 55.274 52.736 49.257 44.095 36.165 21.582]
             [100 20 20 20 96.224 96.051 91.735 83.555 76.588 69.694 66.052
             64.831 62.924 61.287 59.757 58.098 56.226 53.74 50.282 45.111
             37.276 21.581]
             [100 20 20 20 20 95.433 91.848 82.933 74.971 69.861 66.414 63.946
             61.995 61.704 60.195 55.944 54.063 52.758 49.257 44.094 36.161
             21.58]
             [100 20 20 96.85 96.612 95.821 92.422 84.292 76.055 70.921 67.298
             64.812 62.923 61.288 59.758 58.089 56.753 54.241 49.049 43.803
             37.296 21.58]
             [100 20 20 96.633 96.297 95.797 91.843 82.929 74.964 69.859 66.409
             63.941 62.016 60.364 58.805 58.501 56.619 54.103 45.694 41.551
             34.778 21.584]
             [100 20 20 20 95.99 95.799 91.844 82.932 74.97 69.86 66.413 63.945
             61.996 61.68 61.358 52.297 52.899 51.547 49.275 44.094 36.163
             21.581]
             [100 20 20 96.851 96.614 96.056 92.425 83.2 76.071 70.921 67.298
             64.811 62.923 61.278 60.329 58.107 55.089 53.749 50.857 45.123
             35.822 21.581]
             [100 20 20 20 20 95.429 92.903 84.495 76.46 64.349 64.014 62.754
             62.035 60.366 58.828 57.146 55.255 52.736 49.257 44.095 36.165
             21.582]
             [100 20 20 20 20 95.428 92.895 85.591 66.382 67.46 65.211 63.962
             62.016 60.384 57.596 58.39 55.237 52.736 49.257 44.095 36.165
             21.581]
             [100 20 20 20 20 20 20 83.166 76.071 70.921 67.285 65.38 63.488
             60.092 58.591 58.118 56.228 53.741 50.281 45.111 37.276 21.58]
             [100 20 20 20 20 20 92.191 84.295 75.283 71.414 66.047 63.571
             62.944 61.287 59.758 58.098 56.227 53.741 50.281 45.111 37.274
             21.58]
             [100 20 20 20 20 20 91.058 82.942 74.947 71.264 68.97 60.383 59.648
             59.191 58.849 57.148 55.257 52.738 49.257 44.095 36.163 21.581]
             [100 20 20 20 96.406 96.26 91.161 81.823 74.962 71.294 66.41 62.722
             62.035 60.375 58.221 57.156 55.255 52.736 49.257 44.095 36.164
             21.581]
             [100 20 96.686 96.875 96.296 95.797 91.843 82.93 74.966 69.86
             66.41 63.942 62.016 60.365 58.827 57.124 56.634 54.123 50.609
             43.172 33.674 21.505]
             [100 20 20 20 95.99 95.799 91.845 82.934 74.972 69.861 66.415
             63.947 62.017 60.349 60.152 59.691 50.084 51.71 48.014 42.745
             36.179 21.58]
             [100 20 20 20 20 95.433 91.846 82.91 76.443 72.475 62.078 61.563
             60.825 60.384 58.828 57.146 55.255 52.736 49.258 44.096 36.166
             21.582]
             [100 20 20 20 20 20 92.187 84.539 73.72 70.079 66.427 62.716 62.036
             60.367 58.828 57.147 55.255 52.736 49.257 44.095 36.164 21.581]
             [100 20 96.686 96.876 96.296 95.798 91.845 82.935 74.974 69.861
             66.417 63.949 62.017 60.371 58.842 56.538 55.269 52.74 49.235
             45.501 38.535 36.171]];
Echarg = [[0 0 0 0 0 0 0 0 0 0 0 0 0 0 0 0 0 0 0 0 0 0]
             [0 0 0 0 0 0 0 0 0 0 0 0 0 0 0 0 0 0 0 0 0 0]
             [0 0 0 0 0 0 0 0 0 0 0 0 0 0 0 0 0 0 0 0 0 0]
             [0 0 0 3.4391e-7 3.5199e-7 3.5786e-7 4.3669e-7 4.0726e-7 4.3477e-7
             4.5334e-7 4.5195e-7 4.4589e-7 4.6224e-7 4.5849e-7 4.5926e-7 4.6166e-7
             4.5986e-7 4.6073e-7 4.5784e-7 4.4527e-7 4.2325e-7 0]
             [0 0 0 0 0 0 0 0 0 0 0 0 0 0 0 0 0 0 0 0 0 0]
             [0 0 0 0 0 0 0 0 0 0 0 0 0 0 0 0 0 0 0 0 0 0]
             [0 0 0 0 0 0 0 0 0 0 0 0 0 0 0 0 0 0 0 0 0 0]
             [0 0 0 0 0 0 0 0 0 0 0 0 0 0 0 0 0 0 0 0 0 0]
             [0 0 0 0 0 0 0 0 0 0 0 0 0 0 0 0 0 0 0 0 0 0]
             [0 0 0 0 0 0 0 0 0 0 0 0 0 0 0 0 0 0 0 0 0 0]
             [0 0 0 0 0 0 0 0 0 0 0 0 0 0 0 0 0 0 0 0 0 0]
             [0 0 0 0 0 0 0 0 0 0 0 0 0 0 0 0 0 0 0 0 0 0]
             [0 0 0 0 0 0 0 0 0 0 0 0 0 0 0 0 0 0 0 0 0 0]
             [0 0 0 0 0 0 0 0 0 0 0 0 0 0 0 0 0 0 0 0 0 0]
             [0 0 0 0 0 0 0 0 0 0 0 0 0 0 0 0 0 0 0 0 0 0]
             [0 0 0 0 0 0 0 0 0 0 0 0 0 0 0 0 0 0 0 0 0 0]
             [0 0 0 0 3.9172e-7 4.2149e-7 4.3668e-7 4.6329e-7 4.6524e-7 4.5641e-7
             4.5487e-7 4.4582e-7 4.6231e-7 4.5854e-7 4.5932e-7 4.6171e-7 4.599e-7
             4.6077e-7 4.5783e-7 4.4527e-7 4.2326e-7 0]
             [0 0 0 0 0 0 0 0 0 0 0 0 0 0 0 0 0 0 0 0 0 0]
             [0 0 0 2.8013e-7 3.5165e-7 2.9238e-7 4.3656e-7 4.073e-7 4.3479e-7
             4.5336e-7 4.5196e-7 4.4594e-7 4.6229e-7 4.5854e-7 4.5932e-7 4.6174e-7
             4.7314e-7 4.6871e-7 4.6335e-7 4.5352e-7 4.2327e-7 0]
             [0 0 0 0 0 0 0 0 0 0 0 0 0 0 0 0 0 0 0 0 0 0]
             [0 0 0 0 0 0 0 0 0 0 0 0 0 0 0 0 0 0 0 0 0 0]
             [0 0 0 2.8014e-7 3.5173e-7 4.2136e-7 4.3661e-7 4.1855e-7 4.3467e-7
             4.5337e-7 4.5194e-7 4.4597e-7 4.6235e-7 4.5862e-7 4.7415e-7 4.6205e-7
             4.6718e-7 4.6085e-7 4.6532e-7 4.4563e-7 4.2568e-7 0]
             [0 0 0 0 0 0 0 0 0 0 0 0 0 0 0 0 0 0 0 0 0 0]
             [0 0 0 0 0 0 0 0 0 0 0 0 0 0 0 0 0 0 0 0 0 0]
             [0 0 0 0 0 0 0 4.1317e-7 4.347e-7 4.5335e-7 4.5198e-7 4.7296e-7
             4.7646e-7 4.6521e-7 4.6597e-7 4.6165e-7 4.5989e-7 4.6077e-7 4.5787e-7
             4.4532e-7 4.2327e-7 0]
             [0 0 0 0 0 0 4.5353e-7 4.0866e-7 4.7258e-7 4.7247e-7 4.552e-7
             4.5318e-7 4.6226e-7 4.5856e-7 4.5934e-7 4.6175e-7 4.5995e-7 4.6083e-7
             4.579e-7 4.4536e-7 4.233e-7 0]
             [0 0 0 0 0 0 0 0 0 0 0 0 0 0 0 0 0 0 0 0 0 0]
             [0 0 0 0 0 0 0 0 0 0 0 0 0 0 0 0 0 0 0 0 0 0]
             [0 0 0 0 0 0 0 0 0 0 0 0 0 0 0 0 0 0 0 0 0 0]
             [0 0 0 0 0 0 0 0 0 0 0 0 0 0 0 0 0 0 0 0 0 0]
             [0 0 0 0 0 0 0 0 0 0 0 0 0 0 0 0 0 0 0 0 0 0]
             [0 0 0 0 0 0 0 0 0 0 0 0 0 0 0 0 0 0 0 0 0 0]
             [0 0 0 0 0 0 0 0 0 0 0 0 0 0 0 0 0 0 0 0 0 0]];
B = [[0 0 0 0 0 0 0 0 0 0 0 0 0 0 0 0 0 0 0 0 0 0]
             [0 0 0 0 0 0 0 0 0 0 0 0 0 0 0 0 0 0 0 0 0 0]
             [0 0 0 0 0 0 0 0 0 0 0 0 0 0 0 0 0 0 0 0 0 0]
             [0 0 0 0 0 0 0 0 0 0 0 0 0 0 0 0 0 0 0 0 0 0]
             [0 0 0 0 0 0 0 0 0 0 0 0 1 0 0 0 0 0 0 0 0 0]
             [0 0 0 0 0 0 0 0 0 0 0 0 0 0 1 0 0 0 0 0 0 0]
             [0 0 0 0 0 0 0 0 0 0 0 0 0 0 0 0 0 0 0 0 0 0]
             [0 0 0 0 0 0 0 0 0 0 0 0 0 0 0 0 0 0 0 0 0 0]
             [0 0 0 0 0 0 0 0 0 0 0 0 0 0 0 0 0 0 0 0 0 0]
             [0 0 0 0 0 0 0 1 0 0 0 0 0 0 0 0 0 0 0 0 0 0]
             [0 0 0 0 0 0 0 0 0 0 0 0 0 0 0 0 0 1 0 0 0 0]
             [0 0 0 0 0 0 0 0 0 0 0 0 0 0 0 0 0 0 0 0 0 0]
             [0 0 0 0 0 0 1 0 0 0 0 0 0 0 0 0 0 0 0 0 0 0]
             [0 0 0 1 0 0 0 0 0 0 0 0 0 0 0 0 0 0 0 0 0 0]
             [0 0 0 0 1 0 0 0 0 0 0 0 0 0 0 0 0 0 0 0 0 0]
             [0 0 0 0 0 0 0 0 0 0 0 0 0 0 0 0 0 0 0 0 0 0]
             [0 0 0 0 0 0 0 0 0 0 0 0 0 0 0 0 0 0 0 0 0 0]
             [0 0 0 0 0 0 0 0 0 0 0 0 0 0 0 0 0 0 0 0 0 0]
             [0 0 0 0 0 0 0 0 0 0 0 0 0 0 0 0 0 0 0 0 0 0]
             [0 0 0 0 0 0 0 0 0 0 0 0 0 0 0 0 0 0 1 0 0 0]
             [0 0 0 0 0 0 0 0 0 0 0 0 0 0 0 1 0 0 0 0 0 0]
             [0 0 0 0 0 0 0 0 0 0 0 0 0 0 0 0 0 0 0 0 0 0]
             [0 0 0 0 0 0 0 0 0 1 0 0 0 0 0 0 0 0 0 0 0 0]
             [0 0 0 0 0 0 0 0 1 0 0 0 0 0 0 0 0 0 0 0 0 0]
             [0 0 0 0 0 0 0 0 0 0 0 0 0 0 0 0 0 0 0 0 0 0]
             [0 0 0 0 0 0 0 0 0 0 0 0 0 0 0 0 0 0 0 0 0 0]
             [0 0 0 0 0 0 0 0 0 0 0 1 0 0 0 0 0 0 0 0 0 0]
             [0 0 0 0 0 0 0 0 0 0 0 0 0 0 0 0 0 0 0 0 0 0]
             [0 0 0 0 0 0 0 0 0 0 0 0 0 0 0 0 0 0 0 0 0 0]
             [0 0 0 0 0 0 0 0 0 0 0 0 0 0 0 0 1 0 0 0 0 0]
             [0 0 0 0 0 0 0 0 0 0 0 0 0 0 0 0 0 0 0 0 0 0]
             [0 0 0 0 0 0 0 0 0 0 0 0 0 0 0 0 0 0 0 0 0 0]
             [0 0 0 0 0 0 0 0 0 0 0 0 0 0 0 0 0 0 0 0 0 0]];
O = [0 0 0 1 2 2 3 4 5 6 6 7 8 8 9 10 11 12 13 13 13 13];
