// solution (optimal) with objective 931.169766763797
// Quality Incumbent solution:
// MIQCP objective                                9.3116976676e+02
// MIQCP solution norm |x| (Total, Max)           1.62030e+04  1.11200e+02
// MIQCP solution error (Ax=b) (Total, Max)       2.84456e-09  2.64074e-12
// MIQCP solution error (x'Qx+dx=f) (Total, Max)  2.06840e-09  1.81899e-12
// MIQCP x bound error (Total, Max)               0.00000e+00  0.00000e+00
// MIQCP x integrality error (Total, Max)         1.13201e-07  3.59665e-09
// MIQCP slack bound error (Total, Max)           0.00000e+00  0.00000e+00
// MIQCP quad. slack bound error (Total, Max)     8.06034e-05  5.63017e-05
// 

T = [0
         4.71 9.89 18.67 27.37 37.38 47.39 56.98 62.46 75.15 85.18 91.23 96.1
         100.97 106.49 111.2];
C = [[0 0 0 0 0 0 0 0 0 0 0 0 0 0 0 0]
             [0 0 0 0 0 0 0 0 0 0 0 0 0 0 0 0]
             [0 0 0 0 0 0 0 0 0 0 0 0 0 0 0 0]
             [0 0 1.5289e-7 1.7812e-7 1.5084e-7 1.7292e-7 1.6526e-7 1.6983e-7
             1.6808e-7 1.6751e-7 1.6765e-7 1.7983e-7 1.6554e-7 1.6802e-7 1.7867e-7
             0]
             [0 0 0 0 0 1.6855e-7 1.6746e-7 1.6886e-7 1.6809e-7 1.6822e-7 1.6844e-7
             1.6863e-7 1.6851e-7 1.6606e-7 1.7977e-7 0]
             [0 0 0 0 0 0 0 0 0 0 0 0 0 0 0 0]
             [0 0 0 0 0 0 0 0 0 0 0 0 0 0 0 0]
             [0 0 0 0 0 0 0 0 0 0 0 0 0 0 0 0]
             [0 0 0 0 1.1889e-7 1.6867e-7 1.3262e-7 1.7685e-7 1.6568e-7 1.6822e-7
             1.6845e-7 1.6864e-7 1.6852e-7 1.6603e-7 1.7971e-7 0]
             [0 0 0 0 0 0 0 0 0 0 0 0 0 0 0 0]
             [0 0 0 0 0 0 0 0 0 0 0 0 0 0 0 0]
             [0 0 0 0 0 0 0 0 0 0 0 0 0 0 0 0]
             [0 0 0 0 0 0 0 0 0 0 0 0 0 0 0 0]
             [0 0 0 0 0 0 0 0 0 0 0 0 0 0 0 0]
             [0 0 0 0 0 0 0 0 0 0 0 0 0 0 0 0]
             [0 0 0 0 0 0 0 0 0 0 0 0 0 0 0 0]
             [0 0 0 0 0 0 0 0 0 0 0 0 0 0 0 0]];
P = [[1 0 0 0 0 0 0 0 0 0 0 0 0 0 0 0]
             [0 1 0 0 0 0 0 0 0 0 0 0 0 0 0 0]
             [0 0 0 0 0 0 0 0 0 0 0 0 0 0 1 0]
             [0 0 0 0 0 0 0 0 0 0 0 0 0 0 0 0]
             [0 0 0 0 0 0 0 0 0 0 0 0 0 0 0 0]
             [0 0 0 0 0 0 0 0 0 1 0 0 0 0 0 0]
             [0 0 0 0 0 0 0 0 0 0 0 0 0 0 0 0]
             [0 0 1 0 0 0 0 0 0 0 1 0 0 0 0 0]
             [0 0 0 0 1 0 1 0 0 0 0 0 0 0 0 0]
             [0 0 0 1 0 0 0 0 0 0 0 0 0 0 0 0]
             [0 0 0 0 0 1 0 0 0 0 0 0 0 0 0 0]
             [0 0 0 0 0 0 0 1 0 0 0 0 0 0 0 0]
             [0 0 0 0 0 0 0 0 0 0 0 0 0 0 0 0]
             [0 0 0 0 0 0 0 0 0 0 0 1 0 1 0 0]
             [0 0 0 0 0 0 0 0 0 0 0 0 1 0 0 0]
             [0 0 0 0 0 0 0 0 1 0 0 0 0 0 0 0]
             [0 0 0 0 0 0 0 0 0 0 0 0 0 0 0 1]];
Y = [[0 0 0 0 0 0 0 0 0 0 0 0 0 0 0 0]
             [0 0 0 0 0 0 0 0 0 0 0 0 0 0 0 0]
             [0 0 0 0 0 0 0 0 0 0 0 0 0 0 0 0]
             [0 0 0 0 0 0 0 0 0 0 0 0 0 0 0 0]
             [0 0 0 0 0 0 0 0 0 0 0 0 0 0 0 0]
             [0 0 0 0 0 0 0 0 0 0 0 0 0 0 0 0]
             [0 0 0 0 0 0 0 0 0 0 0 0 0 0 0 0]
             [0 0 0 0 0 0 0 0 0 0 0 0 0 0 0 0]
             [0 0 0 0 0 0 0 0 0 0 0 0 0 0 0 0]
             [0 0 0 0 0 0 0 0 0 0 0 0 0 0 0 0]
             [0 0 0 0 0 0 0 0 0 0 0 0 0 0 0 0]
             [0 0 0 0 0 0 0 0 0 0 0 0 0 0 0 0]
             [0 0 0 0 0 0 0 0 0 0 0 0 0 0 0 0]
             [0 0 0 0 0 0 0 0 0 0 0 0 0 0 0 0]
             [0 0 0 0 0 0 0 0 0 0 0 0 0 0 0 0]
             [0 0 0 0 0 0 0 0 0 0 0 0 0 0 0 0]
             [0 0 0 0 0 0 0 0 0 0 0 0 0 0 0 0]];
E = [[100 20 94.25 93.275 91.834 83.208 72.888 66.371 64.261 62.175 59.955 57.409
             54.08 51.79 40.725 23.183]
             [20 96.306 94.259 92.39 91.844 83.208 72.887 66.366 64.191 64.596
             62.516 54.98 54.362 51.846 38.122 23.192]
             [20 92.713 94.913 93.268 91.819 84.392 72.859 66.36 64.254 62.103
             62.53 57.33 54.23 53.912 42.715 23.002]
             [20 20 95.428 94.019 92.76 85.01 76.461 70.234 67.629 66.775 64.681
             62.271 57.103 52.563 43.686 23.188]
             [20 20 20 20 20 84.09 74.314 69.573 67.671 65.711 63.628 61.213
             58.043 53.29 45.258 23.524]
             [20 20 20 91.339 90.773 83.176 75.383 68.725 66.377 61.467 55.531
             55.157 54.226 48.943 40.794 23.527]
             [20 20 20 20 20 82.785 70.247 65.35 64.287 62.175 59.954 57.405
             54.157 48.941 40.791 23.524]
             [20 20 90.825 91.338 90.771 83.231 72.887 66.292 66.545 66.728
             57.86 52.928 54.513 48.999 38.177 23.534]
             [20 20 20 20 81.626 85.818 73.813 69.514 65.678 65.765 63.635
             61.216 58.053 53.302 45.273 23.528]
             [20 20 20 85.901 89.422 84.799 72.878 65.209 66.639 64.657 57.572
             55.119 54.223 48.94 40.79 23.524]
             [20 20 20 20 20 78.075 68.156 65.407 64.285 62.175 59.954 57.404
             54.157 48.941 40.791 23.524]
             [20 20 20 20 90.696 84.67 77.526 69.38 62.014 59.891 57.64 57.468
             54.155 48.941 40.793 23.525]
             [20 20 94.25 93.275 91.832 83.208 72.886 66.363 64.255 62.175
             59.88 60.035 54.08 49.251 40.792 23.186]
             [20 20 94.258 92.389 91.843 83.209 72.886 66.362 64.187 64.546
             64.598 54.313 54.312 47.362 36.239 23.197]
             [20 20 20 92.389 91.234 83.221 72.887 66.367 64.26 62.107 62.395
             62.094 50.615 44.335 38.287 23.53]
             [20 20 20 20 90.72 83.177 75.324 71.056 65.431 57.74 57.703 57.472
             54.156 48.941 40.788 23.522]
             [20 20 94.904 93.268 91.835 83.208 72.888 66.374 64.264 62.175
             59.955 57.411 54.083 51.663 45.524 33.275]];
Echarg = [[0 0 0 0 0 0 0 0 0 0 0 0 0 0 0 0]
             [0 0 0 0 0 0 0 0 0 0 0 0 0 0 0 0]
             [0 0 0 0 0 0 0 0 0 0 0 0 0 0 0 0]
             [0 0 3.0605e-8 4.0336e-8 3.0414e-8 3.8193e-8 3.5414e-8 3.7154e-8
             3.6511e-8 3.6331e-8 3.6367e-8 4.0868e-8 3.5586e-8 3.644e-8 4.0354e-8
             0]
             [0 0 0 0 0 3.6571e-8 3.6245e-8 3.6766e-8 3.6515e-8 3.6567e-8 3.6643e-8
             3.6711e-8 3.6651e-8 3.5724e-8 4.0704e-8 0]
             [0 0 0 0 0 0 0 0 0 0 0 0 0 0 0 0]
             [0 0 0 0 0 0 0 0 0 0 0 0 0 0 0 0]
             [0 0 0 0 0 0 0 0 0 0 0 0 0 0 0 0]
             [0 0 0 0 2.0057e-8 3.6659e-8 1.9926e-8 3.9622e-8 3.5636e-8 3.6562e-8
             3.6642e-8 3.6711e-8 3.6652e-8 3.5709e-8 4.0681e-8 0]
             [0 0 0 0 0 0 0 0 0 0 0 0 0 0 0 0]
             [0 0 0 0 0 0 0 0 0 0 0 0 0 0 0 0]
             [0 0 0 0 0 0 0 0 0 0 0 0 0 0 0 0]
             [0 0 0 0 0 0 0 0 0 0 0 0 0 0 0 0]
             [0 0 0 0 0 0 0 0 0 0 0 0 0 0 0 0]
             [0 0 0 0 0 0 0 0 0 0 0 0 0 0 0 0]
             [0 0 0 0 0 0 0 0 0 0 0 0 0 0 0 0]
             [0 0 0 0 0 0 0 0 0 0 0 0 0 0 0 0]];
B = [[0 0 0 0 0 0 0 0 0 0 0 0 0 0 0 0]
             [0 0 0 0 0 0 0 0 0 0 0 0 0 0 0 0]
             [0 0 0 0 0 0 0 0 0 0 0 0 0 0 0 0]
             [0 0 0 0 0 0 0 0 0 0 0 0 0 0 0 0]
             [0 0 0 0 0 0 0 0 0 0 0 0 0 0 0 0]
             [0 0 0 0 0 0 0 0 0 1 0 0 0 0 0 0]
             [0 0 0 0 0 0 0 0 0 0 0 0 0 0 0 0]
             [0 0 1 0 0 0 0 0 0 0 0 0 0 0 0 0]
             [0 0 0 0 0 0 0 0 0 0 0 0 0 0 0 0]
             [0 0 0 1 0 0 0 0 0 0 0 0 0 0 0 0]
             [0 0 0 0 0 1 0 0 0 0 0 0 0 0 0 0]
             [0 0 0 0 0 0 0 0 0 0 0 0 0 0 0 0]
             [0 0 0 0 0 0 0 0 0 0 0 0 0 0 0 0]
             [0 0 0 0 0 0 0 0 0 0 0 0 0 0 0 0]
             [0 0 0 0 0 0 0 0 0 0 0 0 1 0 0 0]
             [0 0 0 0 0 0 0 0 1 0 0 0 0 0 0 0]
             [0 0 0 0 0 0 0 0 0 0 0 0 0 0 0 0]];
O = [0 0 1 2 2 3 3 3 4 5 5 5 6 6 6 6];
