// solution (optimal) with objective 567.389992316586
// Quality Incumbent solution:
// MIQCP objective                                5.6738999232e+02
// MIQCP solution norm |x| (Total, Max)           9.37787e+03  1.00000e+02
// MIQCP solution error (Ax=b) (Total, Max)       1.17137e-09  8.38440e-13
// MIQCP solution error (x'Qx+dx=f) (Total, Max)  1.08201e-09  1.81899e-12
// MIQCP x bound error (Total, Max)               0.00000e+00  0.00000e+00
// MIQCP x integrality error (Total, Max)         0.00000e+00  0.00000e+00
// MIQCP slack bound error (Total, Max)           0.00000e+00  0.00000e+00
// MIQCP quad. slack bound error (Total, Max)     1.51054e-06  4.74080e-07
// 

T = [0
         11.19 25.15 37.69 44.3 56.6 63.1 70.6 79.09 84.24 95.43];
C = [[0 0 0 0 0 0 0 0 0 0 0]
             [0 0 0 0 0 0 0 0 0 0 0]
             [0 0 0 0 0 0 0 0 0 0 0]
             [0 0 0 0 0 0 0 0 0 0 0]
             [0 0 0 0 0 0 0 0 0 0 0]
             [0 0 0 0 0 0 0 0 0 0 0]
             [0 0 0 0 0 0 0 0 0 0 0]
             [0 0 0 0 0 0 0 0 0 0 0]
             [0 0 0 0 0 0 0 0 0 0 0]
             [0 0 0 0 0 0 0 0 0 0 0]
             [0 0 0 0 0 0 0 0 0 0 0]
             [0 0 0 0 0 0 0 0 0 0 0]
             [0 0 0 0 0 0 0 0 0 0 0]
             [0 0 0 0 0 0 0 0 0 0 0]
             [0 0 0 0 0 0 0 0 0 0 0]];
P = [[1 0 0 0 0 0 0 0 0 0 0]
             [0 1 0 0 0 0 0 0 0 0 0]
             [0 0 0 0 0 0 0 0 0 1 0]
             [0 0 0 0 0 0 0 0 0 0 0]
             [0 0 0 0 0 0 1 0 0 0 0]
             [0 0 0 0 0 0 0 0 0 0 0]
             [0 0 1 0 0 0 0 0 0 0 0]
             [0 0 0 0 0 0 0 0 1 0 0]
             [0 0 0 0 0 0 0 0 0 0 0]
             [0 0 0 1 0 0 0 0 0 0 0]
             [0 0 0 0 0 0 0 1 0 0 0]
             [0 0 0 0 0 0 0 0 0 0 0]
             [0 0 0 0 0 1 0 0 0 0 0]
             [0 0 0 0 1 0 0 0 0 0 0]
             [0 0 0 0 0 0 0 0 0 0 1]];
Y = [[0 0 0 0 0 0 0 0 0 0 0]
             [0 0 0 0 0 0 0 0 0 0 0]
             [0 0 0 0 0 0 0 0 0 0 0]
             [0 0 0 0 0 0 0 0 0 0 0]
             [0 0 0 0 0 0 0 0 0 0 0]
             [0 0 0 0 0 0 0 0 0 0 0]
             [0 0 0 0 0 0 0 0 0 0 0]
             [0 0 0 0 0 0 0 0 0 0 0]
             [0 0 0 0 0 0 0 0 0 0 0]
             [0 0 0 0 0 0 0 0 0 0 0]
             [0 0 0 0 0 0 0 0 0 0 0]
             [0 0 0 0 0 0 0 0 0 0 0]
             [0 0 0 0 0 0 0 0 0 0 0]
             [0 0 0 0 0 0 0 0 0 0 0]
             [0 0 0 0 0 0 0 0 0 0 0]];
E = [[100 20 94.469 93.522 85.462 72.074 64.145 57.969 54.876 41.999 23.483]
             [20 96.256 94.479 92.627 85.479 72.066 64.139 57.962 54.888 42.004
             23.484]
             [20 93.095 95.137 93.513 85.451 72.062 64.228 57.943 57.556 39.83
             23.245]
             [20 20 20 20 85.395 70.996 62.937 60.14 53.195 44.056 23.942]
             [20 20 20 93.78 88.183 75.185 60.759 52.347 48.207 42.183 23.95]
             [20 20 95.524 94.156 87.183 73.944 67.477 61.499 51.502 40.852
             23.486]
             [20 20 87.484 91.559 84.491 72.11 64.148 58.086 51.211 42.089
             23.949]
             [20 20 95.118 93.518 85.464 71.973 67.45 64.158 48.014 36.859
             23.497]
             [20 20 20 20 85.435 69.002 61.039 58.192 51.209 42.091 23.949]
             [20 20 20 80.311 84.207 70.919 66.185 60.025 53.2 44.061 23.944]
             [20 20 20 92.585 85.41 75.39 70.197 54.633 45.618 39.157 23.96]
             [20 20 95.266 92.635 84.377 75.591 64.136 54.884 51.306 42.09
             23.951]
             [20 20 20 20 88.045 66.497 58.362 55.079 51.303 42.092 23.951]
             [20 20 20 20 73.161 69.874 61.115 54.978 51.307 42.093 23.95]
             [20 20 95.115 93.516 85.525 69.062 61.15 61.059 54.152 48.029
             29.608]];
Echarg = [[0 0 0 0 0 0 0 0 0 0 0]
             [0 0 0 0 0 0 0 0 0 0 0]
             [0 0 0 0 0 0 0 0 0 0 0]
             [0 0 0 0 0 0 0 0 0 0 0]
             [0 0 0 0 0 0 0 0 0 0 0]
             [0 0 0 0 0 0 0 0 0 0 0]
             [0 0 0 0 0 0 0 0 0 0 0]
             [0 0 0 0 0 0 0 0 0 0 0]
             [0 0 0 0 0 0 0 0 0 0 0]
             [0 0 0 0 0 0 0 0 0 0 0]
             [0 0 0 0 0 0 0 0 0 0 0]
             [0 0 0 0 0 0 0 0 0 0 0]
             [0 0 0 0 0 0 0 0 0 0 0]
             [0 0 0 0 0 0 0 0 0 0 0]
             [0 0 0 0 0 0 0 0 0 0 0]];
B = [[0 0 0 0 0 0 0 0 0 0 0]
             [0 0 0 0 0 0 0 0 0 0 0]
             [0 0 0 0 0 0 0 0 0 0 0]
             [0 0 0 0 0 0 0 0 0 0 0]
             [0 0 0 0 0 0 1 0 0 0 0]
             [0 0 0 0 0 0 0 0 0 0 0]
             [0 0 1 0 0 0 0 0 0 0 0]
             [0 0 0 0 0 0 0 0 1 0 0]
             [0 0 0 0 0 0 0 0 0 0 0]
             [0 0 0 0 0 0 0 0 0 0 0]
             [0 0 0 0 0 0 0 1 0 0 0]
             [0 0 0 0 0 0 0 0 0 0 0]
             [0 0 0 0 0 1 0 0 0 0 0]
             [0 0 0 0 1 0 0 0 0 0 0]
             [0 0 0 0 0 0 0 0 0 0 0]];
O = [0 0 1 1 2 3 4 5 6 6 6];
