// solution (optimal) with objective 1088.55002818835
// Quality Incumbent solution:
// MIQCP objective                                1.0885500282e+03
// MIQCP solution norm |x| (Total, Max)           1.61762e+04  1.33800e+02
// MIQCP solution error (Ax=b) (Total, Max)       3.20107e-09  2.61622e-12
// MIQCP solution error (x'Qx+dx=f) (Total, Max)  2.17300e-09  1.81899e-12
// MIQCP x bound error (Total, Max)               0.00000e+00  0.00000e+00
// MIQCP x integrality error (Total, Max)         5.01837e-07  1.97095e-08
// MIQCP slack bound error (Total, Max)           0.00000e+00  0.00000e+00
// MIQCP quad. slack bound error (Total, Max)     1.43301e-06  9.56630e-07
// 

T = [0
         6.99 12.24 21.29 29.71 40.01 50.31 64.33 71.8 84.69 99.25 107.63 115.25
         122.16 129.09 133.8];
C = [[0 0 0 0 0 0 0 0 0 0 0 0 0 0 0 0]
             [0 0 0 0 0 0 0 0 0 0 0 0 0 0 0 0]
             [0 0 0 0 0 0 0 0 0 0 0 0 0 0 0 0]
             [0 0 7.0738e-7 7.4481e-7 7.7999e-7 7.2386e-7 7.2059e-7 7.2707e-7
             7.4021e-7 7.3978e-7 7.7437e-7 7.5972e-7 9.8547e-7 6.1512e-7 7.1662e-7
             0]
             [0 0 0 0 0 7.3097e-7 7.2149e-7 7.4487e-7 7.4104e-7 7.5413e-7 7.3916e-7
             7.4079e-7 7.5247e-7 7.2544e-7 7.1306e-7 0]
             [0 0 0 0 0 0 0 0 0 0 0 0 0 0 0 0]
             [0 0 0 0 0 0 0 0 0 0 0 0 0 0 0 0]
             [0 0 0 0 0 0 0 0 0 0 0 0 0 0 0 0]
             [0 0 0 0 6.1259e-7 7.5457e-7 6.1138e-7 7.8882e-7 8.0747e-7 7.5274e-7
             7.3791e-7 7.393e-7 7.5108e-7 7.2555e-7 7.1202e-7 0]
             [0 0 0 0 0 0 0 0 0 0 0 0 0 0 0 0]
             [0 0 0 0 0 0 0 0 0 0 0 0 0 0 0 0]
             [0 0 0 0 0 0 0 0 0 0 0 0 0 0 0 0]
             [0 0 0 0 0 0 0 0 0 0 0 0 0 0 0 0]
             [0 0 0 0 0 0 0 0 0 0 0 0 0 0 0 0]
             [0 0 0 0 0 0 0 0 0 0 0 0 0 0 0 0]
             [0 0 0 0 0 0 0 0 0 0 0 0 0 0 0 0]
             [0 0 0 0 0 0 0 0 0 0 0 0 0 0 0 0]];
P = [[1 0 0 0 0 0 0 0 0 0 0 0 0 0 0 0]
             [0 1 0 0 0 0 0 0 0 0 0 0 0 0 0 0]
             [0 0 0 0 0 0 0 0 0 0 0 0 0 0 1 0]
             [0 0 0 0 0 0 0 0 0 0 0 0 0 1 0 0]
             [0 0 0 0 0 0 0 0 0 0 0 0 0 0 0 0]
             [0 0 0 0 0 0 0 0 0 1 0 0 0 0 0 0]
             [0 0 0 0 0 0 0 0 0 0 0 0 0 0 0 0]
             [0 0 1 0 0 0 0 0 0 0 1 0 0 0 0 0]
             [0 0 0 0 1 0 1 0 0 0 0 0 0 0 0 0]
             [0 0 0 1 0 0 0 0 0 0 0 0 0 0 0 0]
             [0 0 0 0 0 1 0 0 0 0 0 0 0 0 0 0]
             [0 0 0 0 0 0 0 1 0 0 0 0 0 0 0 0]
             [0 0 0 0 0 0 0 0 0 0 0 0 0 0 0 0]
             [0 0 0 0 0 0 0 0 0 0 0 1 0 0 0 0]
             [0 0 0 0 0 0 0 0 0 0 0 0 1 0 0 0]
             [0 0 0 0 0 0 0 0 1 0 0 0 0 0 0 0]
             [0 0 0 0 0 0 0 0 0 0 0 0 0 0 0 1]];
Y = [[0 0 0 0 0 0 0 0 0 0 0 0 0 0 0 0]
             [0 0 0 0 0 0 0 0 0 0 0 0 0 0 0 0]
             [0 0 0 0 0 0 0 0 0 0 0 0 0 0 0 0]
             [0 0 0 0 0 0 0 0 0 0 0 0 0 0 0 0]
             [0 0 0 0 0 0 0 0 0 0 0 0 0 0 0 0]
             [0 0 0 0 0 0 0 0 0 0 0 0 0 0 0 0]
             [0 0 0 0 0 0 0 0 0 0 0 0 0 0 0 0]
             [0 0 0 0 0 0 0 0 0 0 0 0 0 0 0 0]
             [0 0 0 0 0 0 0 0 0 0 0 0 0 0 0 0]
             [0 0 0 0 0 0 0 0 0 0 0 0 0 0 0 0]
             [0 0 0 0 0 0 0 0 0 0 0 0 0 0 0 0]
             [0 0 0 0 0 0 0 0 0 0 0 0 0 0 0 0]
             [0 0 0 0 0 0 0 0 0 0 0 0 0 0 0 0]
             [0 0 0 0 0 0 0 0 0 0 0 0 0 0 0 0]
             [0 0 0 0 0 0 0 0 0 0 0 0 0 0 0 0]
             [0 0 0 0 0 0 0 0 0 0 0 0 0 0 0 0]
             [0 0 0 0 0 0 0 0 0 0 0 0 0 0 0 0]];
E = [[100 20 94.825 93.491 91.939 83.072 72.409 65.419 63.511 61.371 59.259
             56.806 53.559 51.7 39.003 23.024]
             [20 97.029 94.526 92.577 91.949 83.072 72.409 65.415 63.435 63.907
             61.932 54.208 50.988 51.777 39.005 23.028]
             [20 93.591 95.41 93.485 91.936 83.072 72.407 65.441 62.317 61.317
             61.948 56.684 54.991 53.997 44.24 22.858]
             [20 20 95.848 93.702 93.585 85.724 74.904 67.541 64.859 64.807
             61.125 55.394 52.908 48.09 38.322 23.03]
             [20 20 20 20 20 83.67 72.391 66.144 64.96 62.472 60.684 58.287
             54.916 50.744 41.981 23.388]
             [20 20 20 91.472 90.827 83.038 75.087 67.987 65.812 60.05 54.349
             54.314 53.72 48.757 40.372 23.395]
             [20 20 20 20 20 82.749 69.59 64.26 63.543 61.371 59.259 56.804
             53.64 48.787 39.063 23.394]
             [20 20 90.993 91.47 90.823 83.097 72.409 65.332 65.96 66.189 57.439
             51.788 55.293 48.776 37.929 23.402]
             [20 20 20 20 79.564 85.309 70.407 62.932 61.478 62.52 60.712 58.314
             54.955 50.751 43.446 23.391]
             [20 20 20 84.616 89.384 84.801 72.401 64.103 66.03 65.177 56.605
             54.282 53.716 48.751 40.448 23.391]
             [20 20 20 20 20 75.352 67.234 64.363 62.377 61.402 59.292 55.543
             53.676 48.751 40.465 23.576]
             [20 20 20 20 90.731 84.664 77.311 67.722 61.063 58.891 56.716
             56.874 53.638 48.786 39.066 23.396]
             [20 20 94.824 93.491 91.937 83.072 72.408 65.41 63.503 61.364
             59.182 59.456 56.358 48.752 37.936 23.03]
             [20 20 94.831 92.573 91.948 83.072 72.408 65.408 63.429 63.853
             64.182 55.233 51.293 48.894 37.938 23.032]
             [20 20 20 92.562 91.95 83.072 72.409 65.414 63.508 61.294 61.805
             61.756 52.399 42.416 38.078 23.398]
             [20 20 20 20 90.756 83.039 75.023 70.465 63.552 57.81 56.751 56.88
             53.676 47.357 39.095 23.392]
             [20 20 95.409 93.485 91.941 83.072 72.409 65.461 62.225 61.411
             59.292 55.552 53.677 48.675 42.366 36.273]];
Echarg = [[0 0 0 0 0 0 0 0 0 0 0 0 0 0 0 0]
             [0 0 0 0 0 0 0 0 0 0 0 0 0 0 0 0]
             [0 0 0 0 0 0 0 0 0 0 0 0 0 0 0 0]
             [0 0 1.3978e-7 1.5884e-7 1.7506e-7 1.4476e-7 1.4314e-7 1.4535e-7
             1.5192e-7 1.5126e-7 1.683e-7 1.7917e-7 2.6741e-7 1.0482e-7 1.4213e-7
             0]
             [0 0 0 0 0 1.4795e-7 1.4333e-7 1.5374e-7 1.5227e-7 1.5938e-7 1.5164e-7
             1.525e-7 1.584e-7 1.4586e-7 1.4067e-7 0]
             [0 0 0 0 0 0 0 0 0 0 0 0 0 0 0 0]
             [0 0 0 0 0 0 0 0 0 0 0 0 0 0 0 0]
             [0 0 0 0 0 0 0 0 0 0 0 0 0 0 0 0]
             [0 0 0 0 1.0674e-7 1.6408e-7 1.0468e-7 1.7804e-7 1.8871e-7 1.5875e-7
             1.5104e-7 1.5176e-7 1.576e-7 1.4576e-7 1.4024e-7 0]
             [0 0 0 0 0 0 0 0 0 0 0 0 0 0 0 0]
             [0 0 0 0 0 0 0 0 0 0 0 0 0 0 0 0]
             [0 0 0 0 0 0 0 0 0 0 0 0 0 0 0 0]
             [0 0 0 0 0 0 0 0 0 0 0 0 0 0 0 0]
             [0 0 0 0 0 0 0 0 0 0 0 0 0 0 0 0]
             [0 0 0 0 0 0 0 0 0 0 0 0 0 0 0 0]
             [0 0 0 0 0 0 0 0 0 0 0 0 0 0 0 0]
             [0 0 0 0 0 0 0 0 0 0 0 0 0 0 0 0]];
B = [[0 0 0 0 0 0 0 0 0 0 0 0 0 0 0 0]
             [0 0 0 0 0 0 0 0 0 0 0 0 0 0 0 0]
             [0 0 0 0 0 0 0 0 0 0 0 0 0 0 0 0]
             [0 0 0 0 0 0 0 0 0 0 0 0 0 0 0 0]
             [0 0 0 0 0 0 0 0 0 0 0 0 0 0 0 0]
             [0 0 0 0 0 0 0 0 0 1 0 0 0 0 0 0]
             [0 0 0 0 0 0 0 0 0 0 0 0 0 0 0 0]
             [0 0 0 0 0 0 0 0 0 0 1 0 0 0 0 0]
             [0 0 0 0 0 0 0 0 0 0 0 0 0 0 0 0]
             [0 0 0 1 0 0 0 0 0 0 0 0 0 0 0 0]
             [0 0 0 0 0 1 0 0 0 0 0 0 0 0 0 0]
             [0 0 0 0 0 0 0 0 0 0 0 0 0 0 0 0]
             [0 0 0 0 0 0 0 0 0 0 0 0 0 0 0 0]
             [0 0 0 0 0 0 0 0 0 0 0 0 0 0 0 0]
             [0 0 0 0 0 0 0 0 0 0 0 0 1 0 0 0]
             [0 0 0 0 0 0 0 0 1 0 0 0 0 0 0 0]
             [0 0 0 0 0 0 0 0 0 0 0 0 0 0 0 0]];
O = [0 0 0 1 1 2 2 2 3 4 5 5 6 6 6 6];
