Initial = 100; // Initial energy level at the depot
Eth = 20;	// Minimum energy level
Cswap = 50;	// Cost of swapping a module
Tswap = 2;	// Time to swap a battery module
M = 5;		// The total number of battery modules

S = 0;		// Sourse of EV
D = 32;		// Destination of EV
G = 10000;  // Large value

Nodes = 32;
Visits = 13;

Station =  [0, 0, 0, 1, 0, 0, 0, 0, 0, 0, 0, 0, 0, 0, 0, 0, 1, 0, 1, 0, 0, 1, 0, 0, 1, 1, 0, 0, 0, 0, 0, 0, 0];
Costumer = [0, 0, 0, 0, 1, 1, 0, 0, 0, 1, 1, 0, 1, 1, 1, 0, 0, 0, 0, 1, 1, 0, 1, 1, 0, 0, 1, 0, 0, 1, 0, 0, 0];

Adj = 	[
 [0, 1, 1, 0, 0, 0, 0, 0, 0, 0, 0, 0, 0, 0, 0, 0, 0, 0, 0, 0, 0, 0, 0, 0, 0, 0, 0, 0, 0, 0, 0, 0, 0],
 [1, 0, 1, 0, 0, 0, 0, 1, 1, 0, 0, 0, 0, 0, 0, 0, 0, 0, 0, 0, 0, 0, 0, 0, 0, 0, 0, 0, 0, 0, 0, 0, 0],
 [1, 1, 0, 0, 0, 0, 0, 1, 0, 0, 0, 0, 0, 0, 0, 0, 0, 0, 0, 0, 0, 0, 0, 0, 0, 0, 0, 0, 1, 0, 0, 0, 1],
 [0, 0, 0, 0, 0, 0, 0, 0, 1, 0, 0, 0, 0, 1, 1, 0, 0, 0, 0, 0, 0, 0, 0, 0, 0, 0, 0, 0, 0, 0, 0, 0, 0],
 [0, 0, 0, 0, 0, 0, 0, 0, 0, 0, 0, 1, 0, 0, 0, 1, 0, 0, 0, 0, 0, 0, 0, 0, 1, 0, 1, 0, 0, 0, 0, 0, 0],
 [0, 0, 0, 0, 0, 0, 0, 0, 0, 0, 0, 1, 0, 0, 0, 1, 0, 1, 0, 0, 1, 0, 0, 0, 0, 0, 0, 0, 0, 0, 0, 0, 0],
 [0, 0, 0, 0, 0, 0, 0, 0, 1, 0, 0, 0, 1, 0, 1, 0, 1, 0, 0, 0, 0, 0, 0, 0, 0, 0, 0, 1, 0, 0, 0, 0, 0],
 [0, 1, 1, 0, 0, 0, 0, 0, 0, 0, 0, 0, 0, 0, 0, 0, 0, 0, 1, 1, 0, 0, 0, 0, 0, 0, 0, 0, 1, 0, 0, 0, 0],
 [0, 1, 0, 1, 0, 0, 1, 0, 0, 0, 0, 0, 0, 1, 1, 0, 0, 0, 0, 0, 0, 0, 0, 0, 0, 0, 0, 0, 0, 0, 0, 0, 0],
 [0, 0, 0, 0, 0, 0, 0, 0, 0, 0, 0, 0, 1, 0, 0, 0, 0, 0, 0, 0, 0, 0, 1, 1, 0, 1, 0, 0, 0, 0, 0, 1, 0],
 [0, 0, 0, 0, 0, 0, 0, 0, 0, 0, 0, 0, 0, 0, 0, 0, 0, 0, 1, 1, 0, 0, 0, 0, 0, 0, 0, 0, 1, 1, 0, 0, 0],
 [0, 0, 0, 0, 1, 1, 0, 0, 0, 0, 0, 0, 0, 0, 0, 1, 0, 0, 0, 0, 0, 0, 0, 0, 1, 0, 1, 0, 0, 0, 0, 0, 0],
 [0, 0, 0, 0, 0, 0, 1, 0, 0, 1, 0, 0, 0, 0, 0, 0, 1, 0, 0, 0, 0, 1, 0, 0, 0, 0, 0, 1, 0, 0, 0, 0, 0],
 [0, 0, 0, 1, 0, 0, 0, 0, 1, 0, 0, 0, 0, 0, 1, 0, 0, 0, 0, 0, 0, 0, 0, 0, 0, 0, 0, 0, 0, 0, 0, 0, 0],
 [0, 0, 0, 1, 0, 0, 1, 0, 1, 0, 0, 0, 0, 1, 0, 0, 0, 0, 0, 0, 0, 0, 0, 0, 0, 0, 0, 0, 0, 0, 0, 0, 0],
 [0, 0, 0, 0, 1, 1, 0, 0, 0, 0, 0, 1, 0, 0, 0, 0, 0, 0, 0, 0, 0, 0, 0, 0, 1, 0, 0, 0, 0, 0, 0, 0, 0],
 [0, 0, 0, 0, 0, 0, 1, 0, 0, 0, 0, 0, 1, 0, 0, 0, 0, 0, 0, 0, 0, 0, 1, 1, 0, 0, 0, 1, 0, 0, 0, 0, 0],
 [0, 0, 0, 0, 0, 1, 0, 0, 0, 0, 0, 0, 0, 0, 0, 0, 0, 0, 0, 0, 1, 0, 0, 0, 0, 0, 0, 0, 0, 0, 0, 0, 0],
 [0, 0, 0, 0, 0, 0, 0, 1, 0, 0, 1, 0, 0, 0, 0, 0, 0, 0, 0, 1, 0, 0, 0, 0, 0, 0, 0, 0, 0, 0, 0, 0, 0],
 [0, 0, 0, 0, 0, 0, 0, 1, 0, 0, 1, 0, 0, 0, 0, 0, 0, 0, 1, 0, 0, 0, 0, 0, 0, 0, 0, 0, 1, 1, 0, 0, 0],
 [0, 0, 0, 0, 0, 1, 0, 0, 0, 0, 0, 0, 0, 0, 0, 0, 0, 1, 0, 0, 0, 1, 0, 0, 0, 0, 0, 0, 0, 1, 0, 0, 0],
 [0, 0, 0, 0, 0, 0, 0, 0, 0, 0, 0, 0, 1, 0, 0, 0, 0, 0, 0, 0, 1, 0, 0, 0, 0, 0, 0, 1, 1, 0, 0, 0, 0],
 [0, 0, 0, 0, 0, 0, 0, 0, 0, 1, 0, 0, 0, 0, 0, 0, 1, 0, 0, 0, 0, 0, 0, 1, 0, 1, 0, 0, 0, 0, 1, 0, 0],
 [0, 0, 0, 0, 0, 0, 0, 0, 0, 1, 0, 0, 0, 0, 0, 0, 1, 0, 0, 0, 0, 0, 1, 0, 0, 0, 0, 0, 0, 0, 0, 1, 0],
 [0, 0, 0, 0, 1, 0, 0, 0, 0, 0, 0, 1, 0, 0, 0, 1, 0, 0, 0, 0, 0, 0, 0, 0, 0, 0, 0, 0, 0, 0, 0, 0, 0],
 [0, 0, 0, 0, 0, 0, 0, 0, 0, 1, 0, 0, 0, 0, 0, 0, 0, 0, 0, 0, 0, 0, 1, 0, 0, 0, 0, 0, 0, 0, 1, 1, 0],
 [0, 0, 0, 0, 1, 0, 0, 0, 0, 0, 0, 1, 0, 0, 0, 0, 0, 0, 0, 0, 0, 0, 0, 0, 0, 0, 0, 0, 0, 0, 1, 0, 0],
 [0, 0, 0, 0, 0, 0, 1, 0, 0, 0, 0, 0, 1, 0, 0, 0, 1, 0, 0, 0, 0, 1, 0, 0, 0, 0, 0, 0, 0, 0, 1, 0, 0],
 [0, 0, 1, 0, 0, 0, 0, 1, 0, 0, 1, 0, 0, 0, 0, 0, 0, 0, 0, 1, 0, 1, 0, 0, 0, 0, 0, 0, 0, 0, 0, 0, 0],
 [0, 0, 0, 0, 0, 0, 0, 0, 0, 0, 1, 0, 0, 0, 0, 0, 0, 0, 0, 1, 1, 0, 0, 0, 0, 0, 0, 0, 0, 0, 0, 0, 0],
 [0, 0, 0, 0, 0, 0, 0, 0, 0, 0, 0, 0, 0, 0, 0, 0, 0, 0, 0, 0, 0, 0, 1, 0, 0, 1, 1, 1, 0, 0, 0, 1, 0],
 [0, 0, 0, 0, 0, 0, 0, 0, 0, 1, 0, 0, 0, 0, 0, 0, 0, 0, 0, 0, 0, 0, 0, 1, 0, 1, 0, 0, 0, 0, 1, 0, 0],
 [0, 0, 1, 0, 0, 0, 0, 0, 0, 0, 0, 0, 0, 0, 0, 0, 0, 0, 0, 0, 0, 0, 0, 0, 0, 0, 0, 0, 0, 0, 0, 0, 0]
];

Trav =	[
 [0.00, 11.92, 11.92, 0.00, 0.00, 0.00, 0.00, 0.00, 0.00, 0.00, 0.00, 0.00, 0.00, 0.00, 0.00, 0.00, 0.00, 0.00, 0.00, 0.00, 0.00, 0.00, 0.00, 0.00, 0.00, 0.00, 0.00, 0.00, 0.00, 0.00, 0.00, 0.00, 0.00],
 [11.92, 0.00, 14.40, 0.00, 0.00, 0.00, 0.00, 7.71, 9.76, 0.00, 0.00, 0.00, 0.00, 0.00, 0.00, 0.00, 0.00, 0.00, 0.00, 0.00, 0.00, 0.00, 0.00, 0.00, 0.00, 0.00, 0.00, 0.00, 0.00, 0.00, 0.00, 0.00, 0.00],
 [11.92, 14.40, 0.00, 0.00, 0.00, 0.00, 0.00, 6.58, 0.00, 0.00, 0.00, 0.00, 0.00, 0.00, 0.00, 0.00, 0.00, 0.00, 0.00, 0.00, 0.00, 0.00, 0.00, 0.00, 0.00, 0.00, 0.00, 0.00, 8.76, 0.00, 0.00, 0.00, 11.92],
 [0.00, 0.00, 0.00, 0.00, 0.00, 0.00, 0.00, 0.00, 12.00, 0.00, 0.00, 0.00, 0.00, 11.31, 6.57, 0.00, 0.00, 0.00, 0.00, 0.00, 0.00, 0.00, 0.00, 0.00, 0.00, 0.00, 0.00, 0.00, 0.00, 0.00, 0.00, 0.00, 0.00],
 [0.00, 0.00, 0.00, 0.00, 0.00, 0.00, 0.00, 0.00, 0.00, 0.00, 0.00, 8.75, 0.00, 0.00, 0.00, 11.36, 0.00, 0.00, 0.00, 0.00, 0.00, 0.00, 0.00, 0.00, 14.50, 0.00, 5.85, 0.00, 0.00, 0.00, 0.00, 0.00, 0.00],
 [0.00, 0.00, 0.00, 0.00, 0.00, 0.00, 0.00, 0.00, 0.00, 0.00, 0.00, 8.43, 0.00, 0.00, 0.00, 3.81, 0.00, 6.27, 0.00, 0.00, 6.60, 0.00, 0.00, 0.00, 0.00, 0.00, 0.00, 0.00, 0.00, 0.00, 0.00, 0.00, 0.00],
 [0.00, 0.00, 0.00, 0.00, 0.00, 0.00, 0.00, 0.00, 5.78, 0.00, 0.00, 0.00, 3.75, 0.00, 7.56, 0.00, 6.91, 0.00, 0.00, 0.00, 0.00, 0.00, 0.00, 0.00, 0.00, 0.00, 0.00, 10.25, 0.00, 0.00, 0.00, 0.00, 0.00],
 [0.00, 7.71, 6.58, 0.00, 0.00, 0.00, 0.00, 0.00, 0.00, 0.00, 0.00, 0.00, 0.00, 0.00, 0.00, 0.00, 0.00, 0.00, 6.00, 9.10, 0.00, 0.00, 0.00, 0.00, 0.00, 0.00, 0.00, 0.00, 4.63, 0.00, 0.00, 0.00, 0.00],
 [0.00, 9.76, 0.00, 12.00, 0.00, 0.00, 5.78, 0.00, 0.00, 0.00, 0.00, 0.00, 0.00, 5.73, 10.11, 0.00, 0.00, 0.00, 0.00, 0.00, 0.00, 0.00, 0.00, 0.00, 0.00, 0.00, 0.00, 0.00, 0.00, 0.00, 0.00, 0.00, 0.00],
 [0.00, 0.00, 0.00, 0.00, 0.00, 0.00, 0.00, 0.00, 0.00, 0.00, 0.00, 0.00, 12.71, 0.00, 0.00, 0.00, 0.00, 0.00, 0.00, 0.00, 0.00, 0.00, 8.95, 6.22, 0.00, 5.96, 0.00, 0.00, 0.00, 0.00, 0.00, 5.75, 0.00],
 [0.00, 0.00, 0.00, 0.00, 0.00, 0.00, 0.00, 0.00, 0.00, 0.00, 0.00, 0.00, 0.00, 0.00, 0.00, 0.00, 0.00, 0.00, 6.26, 10.51, 0.00, 0.00, 0.00, 0.00, 0.00, 0.00, 0.00, 0.00, 4.49, 4.71, 0.00, 0.00, 0.00],
 [0.00, 0.00, 0.00, 0.00, 8.75, 8.43, 0.00, 0.00, 0.00, 0.00, 0.00, 0.00, 0.00, 0.00, 0.00, 9.85, 0.00, 0.00, 0.00, 0.00, 0.00, 0.00, 0.00, 0.00, 5.96, 0.00, 4.57, 0.00, 0.00, 0.00, 0.00, 0.00, 0.00],
 [0.00, 0.00, 0.00, 0.00, 0.00, 0.00, 3.75, 0.00, 0.00, 12.71, 0.00, 0.00, 0.00, 0.00, 0.00, 0.00, 6.42, 0.00, 0.00, 0.00, 0.00, 6.50, 0.00, 0.00, 0.00, 0.00, 0.00, 8.92, 0.00, 0.00, 0.00, 0.00, 0.00],
 [0.00, 0.00, 0.00, 11.31, 0.00, 0.00, 0.00, 0.00, 5.73, 0.00, 0.00, 0.00, 0.00, 0.00, 4.26, 0.00, 0.00, 0.00, 0.00, 0.00, 0.00, 0.00, 0.00, 0.00, 0.00, 0.00, 0.00, 0.00, 0.00, 0.00, 0.00, 0.00, 0.00],
 [0.00, 0.00, 0.00, 6.57, 0.00, 0.00, 7.56, 0.00, 10.11, 0.00, 0.00, 0.00, 0.00, 4.26, 0.00, 0.00, 0.00, 0.00, 0.00, 0.00, 0.00, 0.00, 0.00, 0.00, 0.00, 0.00, 0.00, 0.00, 0.00, 0.00, 0.00, 0.00, 0.00],
 [0.00, 0.00, 0.00, 0.00, 11.36, 3.81, 0.00, 0.00, 0.00, 0.00, 0.00, 9.85, 0.00, 0.00, 0.00, 0.00, 0.00, 0.00, 0.00, 0.00, 0.00, 0.00, 0.00, 0.00, 7.22, 0.00, 0.00, 0.00, 0.00, 0.00, 0.00, 0.00, 0.00],
 [0.00, 0.00, 0.00, 0.00, 0.00, 0.00, 6.91, 0.00, 0.00, 0.00, 0.00, 0.00, 6.42, 0.00, 0.00, 0.00, 0.00, 0.00, 0.00, 0.00, 0.00, 0.00, 10.02, 10.25, 0.00, 0.00, 0.00, 8.11, 0.00, 0.00, 0.00, 0.00, 0.00],
 [0.00, 0.00, 0.00, 0.00, 0.00, 6.27, 0.00, 0.00, 0.00, 0.00, 0.00, 0.00, 0.00, 0.00, 0.00, 0.00, 0.00, 0.00, 0.00, 0.00, 9.43, 0.00, 0.00, 0.00, 0.00, 0.00, 0.00, 0.00, 0.00, 0.00, 0.00, 0.00, 0.00],
 [0.00, 0.00, 0.00, 0.00, 0.00, 0.00, 0.00, 6.00, 0.00, 0.00, 6.26, 0.00, 0.00, 0.00, 0.00, 0.00, 0.00, 0.00, 0.00, 8.22, 0.00, 0.00, 0.00, 0.00, 0.00, 0.00, 0.00, 0.00, 0.00, 0.00, 0.00, 0.00, 0.00],
 [0.00, 0.00, 0.00, 0.00, 0.00, 0.00, 0.00, 9.10, 0.00, 0.00, 10.51, 0.00, 0.00, 0.00, 0.00, 0.00, 0.00, 0.00, 8.22, 0.00, 0.00, 0.00, 0.00, 0.00, 0.00, 0.00, 0.00, 0.00, 6.54, 8.81, 0.00, 0.00, 0.00],
 [0.00, 0.00, 0.00, 0.00, 0.00, 6.60, 0.00, 0.00, 0.00, 0.00, 0.00, 0.00, 0.00, 0.00, 0.00, 0.00, 0.00, 9.43, 0.00, 0.00, 0.00, 4.95, 0.00, 0.00, 0.00, 0.00, 0.00, 0.00, 0.00, 9.80, 0.00, 0.00, 0.00],
 [0.00, 0.00, 0.00, 0.00, 0.00, 0.00, 0.00, 0.00, 0.00, 0.00, 0.00, 0.00, 6.50, 0.00, 0.00, 0.00, 0.00, 0.00, 0.00, 0.00, 4.95, 0.00, 0.00, 0.00, 0.00, 0.00, 0.00, 6.69, 10.51, 0.00, 0.00, 0.00, 0.00],
 [0.00, 0.00, 0.00, 0.00, 0.00, 0.00, 0.00, 0.00, 0.00, 8.95, 0.00, 0.00, 0.00, 0.00, 0.00, 0.00, 10.02, 0.00, 0.00, 0.00, 0.00, 0.00, 0.00, 7.79, 0.00, 8.86, 0.00, 0.00, 0.00, 0.00, 14.61, 0.00, 0.00],
 [0.00, 0.00, 0.00, 0.00, 0.00, 0.00, 0.00, 0.00, 0.00, 6.22, 0.00, 0.00, 0.00, 0.00, 0.00, 0.00, 10.25, 0.00, 0.00, 0.00, 0.00, 0.00, 7.79, 0.00, 0.00, 0.00, 0.00, 0.00, 0.00, 0.00, 0.00, 10.92, 0.00],
 [0.00, 0.00, 0.00, 0.00, 14.50, 0.00, 0.00, 0.00, 0.00, 0.00, 0.00, 5.96, 0.00, 0.00, 0.00, 7.22, 0.00, 0.00, 0.00, 0.00, 0.00, 0.00, 0.00, 0.00, 0.00, 0.00, 0.00, 0.00, 0.00, 0.00, 0.00, 0.00, 0.00],
 [0.00, 0.00, 0.00, 0.00, 0.00, 0.00, 0.00, 0.00, 0.00, 5.96, 0.00, 0.00, 0.00, 0.00, 0.00, 0.00, 0.00, 0.00, 0.00, 0.00, 0.00, 0.00, 8.86, 0.00, 0.00, 0.00, 0.00, 0.00, 0.00, 0.00, 11.36, 7.15, 0.00],
 [0.00, 0.00, 0.00, 0.00, 5.85, 0.00, 0.00, 0.00, 0.00, 0.00, 0.00, 4.57, 0.00, 0.00, 0.00, 0.00, 0.00, 0.00, 0.00, 0.00, 0.00, 0.00, 0.00, 0.00, 0.00, 0.00, 0.00, 0.00, 0.00, 0.00, 7.56, 0.00, 0.00],
 [0.00, 0.00, 0.00, 0.00, 0.00, 0.00, 10.25, 0.00, 0.00, 0.00, 0.00, 0.00, 8.92, 0.00, 0.00, 0.00, 8.11, 0.00, 0.00, 0.00, 0.00, 6.69, 0.00, 0.00, 0.00, 0.00, 0.00, 0.00, 0.00, 0.00, 4.83, 0.00, 0.00],
 [0.00, 0.00, 8.76, 0.00, 0.00, 0.00, 0.00, 4.63, 0.00, 0.00, 4.49, 0.00, 0.00, 0.00, 0.00, 0.00, 0.00, 0.00, 0.00, 6.54, 0.00, 10.51, 0.00, 0.00, 0.00, 0.00, 0.00, 0.00, 0.00, 0.00, 0.00, 0.00, 0.00],
 [0.00, 0.00, 0.00, 0.00, 0.00, 0.00, 0.00, 0.00, 0.00, 0.00, 4.71, 0.00, 0.00, 0.00, 0.00, 0.00, 0.00, 0.00, 0.00, 8.81, 9.80, 0.00, 0.00, 0.00, 0.00, 0.00, 0.00, 0.00, 0.00, 0.00, 0.00, 0.00, 0.00],
 [0.00, 0.00, 0.00, 0.00, 0.00, 0.00, 0.00, 0.00, 0.00, 0.00, 0.00, 0.00, 0.00, 0.00, 0.00, 0.00, 0.00, 0.00, 0.00, 0.00, 0.00, 0.00, 14.61, 0.00, 0.00, 11.36, 7.56, 4.83, 0.00, 0.00, 0.00, 12.60, 0.00],
 [0.00, 0.00, 0.00, 0.00, 0.00, 0.00, 0.00, 0.00, 0.00, 5.75, 0.00, 0.00, 0.00, 0.00, 0.00, 0.00, 0.00, 0.00, 0.00, 0.00, 0.00, 0.00, 0.00, 10.92, 0.00, 7.15, 0.00, 0.00, 0.00, 0.00, 12.60, 0.00, 0.00],
 [0.00, 0.00, 11.92, 0.00, 0.00, 0.00, 0.00, 0.00, 0.00, 0.00, 0.00, 0.00, 0.00, 0.00, 0.00, 0.00, 0.00, 0.00, 0.00, 0.00, 0.00, 0.00, 0.00, 0.00, 0.00, 0.00, 0.00, 0.00, 0.00, 0.00, 0.00, 0.00, 0.00]
];

Edep =	[
 [0.00, 0.71, 0.71, 0.00, 0.00, 0.00, 0.00, 0.00, 0.00, 0.00, 0.00, 0.00, 0.00, 0.00, 0.00, 0.00, 0.00, 0.00, 0.00, 0.00, 0.00, 0.00, 0.00, 0.00, 0.00, 0.00, 0.00, 0.00, 0.00, 0.00, 0.00, 0.00, 0.00],
 [0.71, 0.00, 0.86, 0.00, 0.00, 0.00, 0.00, 0.62, 0.80, 0.00, 0.00, 0.00, 0.00, 0.00, 0.00, 0.00, 0.00, 0.00, 0.00, 0.00, 0.00, 0.00, 0.00, 0.00, 0.00, 0.00, 0.00, 0.00, 0.00, 0.00, 0.00, 0.00, 0.00],
 [0.71, 0.86, 0.00, 0.00, 0.00, 0.00, 0.00, 0.42, 0.00, 0.00, 0.00, 0.00, 0.00, 0.00, 0.00, 0.00, 0.00, 0.00, 0.00, 0.00, 0.00, 0.00, 0.00, 0.00, 0.00, 0.00, 0.00, 0.00, 0.89, 0.00, 0.00, 0.00, 0.71],
 [0.00, 0.00, 0.00, 0.00, 0.00, 0.00, 0.00, 0.00, 0.93, 0.00, 0.00, 0.00, 0.00, 0.81, 0.67, 0.00, 0.00, 0.00, 0.00, 0.00, 0.00, 0.00, 0.00, 0.00, 0.00, 0.00, 0.00, 0.00, 0.00, 0.00, 0.00, 0.00, 0.00],
 [0.00, 0.00, 0.00, 0.00, 0.00, 0.00, 0.00, 0.00, 0.00, 0.00, 0.00, 0.61, 0.00, 0.00, 0.00, 0.69, 0.00, 0.00, 0.00, 0.00, 0.00, 0.00, 0.00, 0.00, 0.83, 0.00, 0.54, 0.00, 0.00, 0.00, 0.00, 0.00, 0.00],
 [0.00, 0.00, 0.00, 0.00, 0.00, 0.00, 0.00, 0.00, 0.00, 0.00, 0.00, 0.66, 0.00, 0.00, 0.00, 0.40, 0.00, 0.63, 0.00, 0.00, 0.49, 0.00, 0.00, 0.00, 0.00, 0.00, 0.00, 0.00, 0.00, 0.00, 0.00, 0.00, 0.00],
 [0.00, 0.00, 0.00, 0.00, 0.00, 0.00, 0.00, 0.00, 0.59, 0.00, 0.00, 0.00, 0.38, 0.00, 0.49, 0.00, 0.41, 0.00, 0.00, 0.00, 0.00, 0.00, 0.00, 0.00, 0.00, 0.00, 0.00, 0.78, 0.00, 0.00, 0.00, 0.00, 0.00],
 [0.00, 0.62, 0.42, 0.00, 0.00, 0.00, 0.00, 0.00, 0.00, 0.00, 0.00, 0.00, 0.00, 0.00, 0.00, 0.00, 0.00, 0.00, 0.46, 0.71, 0.00, 0.00, 0.00, 0.00, 0.00, 0.00, 0.00, 0.00, 0.40, 0.00, 0.00, 0.00, 0.00],
 [0.00, 0.80, 0.00, 0.93, 0.00, 0.00, 0.59, 0.00, 0.00, 0.00, 0.00, 0.00, 0.00, 0.57, 0.81, 0.00, 0.00, 0.00, 0.00, 0.00, 0.00, 0.00, 0.00, 0.00, 0.00, 0.00, 0.00, 0.00, 0.00, 0.00, 0.00, 0.00, 0.00],
 [0.00, 0.00, 0.00, 0.00, 0.00, 0.00, 0.00, 0.00, 0.00, 0.00, 0.00, 0.00, 0.80, 0.00, 0.00, 0.00, 0.00, 0.00, 0.00, 0.00, 0.00, 0.00, 0.86, 1.37, 0.00, 0.55, 0.00, 0.00, 0.00, 0.00, 0.00, 0.55, 0.00],
 [0.00, 0.00, 0.00, 0.00, 0.00, 0.00, 0.00, 0.00, 0.00, 0.00, 0.00, 0.00, 0.00, 0.00, 0.00, 0.00, 0.00, 0.00, 0.45, 0.83, 0.00, 0.00, 0.00, 0.00, 0.00, 0.00, 0.00, 0.00, 0.41, 0.36, 0.00, 0.00, 0.00],
 [0.00, 0.00, 0.00, 0.00, 0.61, 0.66, 0.00, 0.00, 0.00, 0.00, 0.00, 0.00, 0.00, 0.00, 0.00, 0.95, 0.00, 0.00, 0.00, 0.00, 0.00, 0.00, 0.00, 0.00, 0.55, 0.00, 0.44, 0.00, 0.00, 0.00, 0.00, 0.00, 0.00],
 [0.00, 0.00, 0.00, 0.00, 0.00, 0.00, 0.38, 0.00, 0.00, 0.80, 0.00, 0.00, 0.00, 0.00, 0.00, 0.00, 0.63, 0.00, 0.00, 0.00, 0.00, 0.53, 0.00, 0.00, 0.00, 0.00, 0.00, 0.57, 0.00, 0.00, 0.00, 0.00, 0.00],
 [0.00, 0.00, 0.00, 0.81, 0.00, 0.00, 0.00, 0.00, 0.57, 0.00, 0.00, 0.00, 0.00, 0.00, 0.42, 0.00, 0.00, 0.00, 0.00, 0.00, 0.00, 0.00, 0.00, 0.00, 0.00, 0.00, 0.00, 0.00, 0.00, 0.00, 0.00, 0.00, 0.00],
 [0.00, 0.00, 0.00, 0.67, 0.00, 0.00, 0.49, 0.00, 0.81, 0.00, 0.00, 0.00, 0.00, 0.42, 0.00, 0.00, 0.00, 0.00, 0.00, 0.00, 0.00, 0.00, 0.00, 0.00, 0.00, 0.00, 0.00, 0.00, 0.00, 0.00, 0.00, 0.00, 0.00],
 [0.00, 0.00, 0.00, 0.00, 0.69, 0.40, 0.00, 0.00, 0.00, 0.00, 0.00, 0.95, 0.00, 0.00, 0.00, 0.00, 0.00, 0.00, 0.00, 0.00, 0.00, 0.00, 0.00, 0.00, 0.75, 0.00, 0.00, 0.00, 0.00, 0.00, 0.00, 0.00, 0.00],
 [0.00, 0.00, 0.00, 0.00, 0.00, 0.00, 0.41, 0.00, 0.00, 0.00, 0.00, 0.00, 0.63, 0.00, 0.00, 0.00, 0.00, 0.00, 0.00, 0.00, 0.00, 0.00, 0.70, 0.77, 0.00, 0.00, 0.00, 0.59, 0.00, 0.00, 0.00, 0.00, 0.00],
 [0.00, 0.00, 0.00, 0.00, 0.00, 0.63, 0.00, 0.00, 0.00, 0.00, 0.00, 0.00, 0.00, 0.00, 0.00, 0.00, 0.00, 0.00, 0.00, 0.00, 0.80, 0.00, 0.00, 0.00, 0.00, 0.00, 0.00, 0.00, 0.00, 0.00, 0.00, 0.00, 0.00],
 [0.00, 0.00, 0.00, 0.00, 0.00, 0.00, 0.00, 0.46, 0.00, 0.00, 0.45, 0.00, 0.00, 0.00, 0.00, 0.00, 0.00, 0.00, 0.00, 0.83, 0.00, 0.00, 0.00, 0.00, 0.00, 0.00, 0.00, 0.00, 0.00, 0.00, 0.00, 0.00, 0.00],
 [0.00, 0.00, 0.00, 0.00, 0.00, 0.00, 0.00, 0.71, 0.00, 0.00, 0.83, 0.00, 0.00, 0.00, 0.00, 0.00, 0.00, 0.00, 0.83, 0.00, 0.00, 0.00, 0.00, 0.00, 0.00, 0.00, 0.00, 0.00, 0.64, 0.64, 0.00, 0.00, 0.00],
 [0.00, 0.00, 0.00, 0.00, 0.00, 0.49, 0.00, 0.00, 0.00, 0.00, 0.00, 0.00, 0.00, 0.00, 0.00, 0.00, 0.00, 0.80, 0.00, 0.00, 0.00, 0.35, 0.00, 0.00, 0.00, 0.00, 0.00, 0.00, 0.00, 0.61, 0.00, 0.00, 0.00],
 [0.00, 0.00, 0.00, 0.00, 0.00, 0.00, 0.00, 0.00, 0.00, 0.00, 0.00, 0.00, 0.53, 0.00, 0.00, 0.00, 0.00, 0.00, 0.00, 0.00, 0.35, 0.00, 0.00, 0.00, 0.00, 0.00, 0.00, 0.52, 0.72, 0.00, 0.00, 0.00, 0.00],
 [0.00, 0.00, 0.00, 0.00, 0.00, 0.00, 0.00, 0.00, 0.00, 0.86, 0.00, 0.00, 0.00, 0.00, 0.00, 0.00, 0.70, 0.00, 0.00, 0.00, 0.00, 0.00, 0.00, 0.54, 0.00, 0.53, 0.00, 0.00, 0.00, 0.00, 0.87, 0.00, 0.00],
 [0.00, 0.00, 0.00, 0.00, 0.00, 0.00, 0.00, 0.00, 0.00, 1.37, 0.00, 0.00, 0.00, 0.00, 0.00, 0.00, 0.77, 0.00, 0.00, 0.00, 0.00, 0.00, 0.54, 0.00, 0.00, 0.00, 0.00, 0.00, 0.00, 0.00, 0.00, 0.73, 0.00],
 [0.00, 0.00, 0.00, 0.00, 0.83, 0.00, 0.00, 0.00, 0.00, 0.00, 0.00, 0.55, 0.00, 0.00, 0.00, 0.75, 0.00, 0.00, 0.00, 0.00, 0.00, 0.00, 0.00, 0.00, 0.00, 0.00, 0.00, 0.00, 0.00, 0.00, 0.00, 0.00, 0.00],
 [0.00, 0.00, 0.00, 0.00, 0.00, 0.00, 0.00, 0.00, 0.00, 0.55, 0.00, 0.00, 0.00, 0.00, 0.00, 0.00, 0.00, 0.00, 0.00, 0.00, 0.00, 0.00, 0.53, 0.00, 0.00, 0.00, 0.00, 0.00, 0.00, 0.00, 0.67, 0.64, 0.00],
 [0.00, 0.00, 0.00, 0.00, 0.54, 0.00, 0.00, 0.00, 0.00, 0.00, 0.00, 0.44, 0.00, 0.00, 0.00, 0.00, 0.00, 0.00, 0.00, 0.00, 0.00, 0.00, 0.00, 0.00, 0.00, 0.00, 0.00, 0.00, 0.00, 0.00, 0.80, 0.00, 0.00],
 [0.00, 0.00, 0.00, 0.00, 0.00, 0.00, 0.78, 0.00, 0.00, 0.00, 0.00, 0.00, 0.57, 0.00, 0.00, 0.00, 0.59, 0.00, 0.00, 0.00, 0.00, 0.52, 0.00, 0.00, 0.00, 0.00, 0.00, 0.00, 0.00, 0.00, 0.39, 0.00, 0.00],
 [0.00, 0.00, 0.89, 0.00, 0.00, 0.00, 0.00, 0.40, 0.00, 0.00, 0.41, 0.00, 0.00, 0.00, 0.00, 0.00, 0.00, 0.00, 0.00, 0.64, 0.00, 0.72, 0.00, 0.00, 0.00, 0.00, 0.00, 0.00, 0.00, 0.00, 0.00, 0.00, 0.00],
 [0.00, 0.00, 0.00, 0.00, 0.00, 0.00, 0.00, 0.00, 0.00, 0.00, 0.36, 0.00, 0.00, 0.00, 0.00, 0.00, 0.00, 0.00, 0.00, 0.64, 0.61, 0.00, 0.00, 0.00, 0.00, 0.00, 0.00, 0.00, 0.00, 0.00, 0.00, 0.00, 0.00],
 [0.00, 0.00, 0.00, 0.00, 0.00, 0.00, 0.00, 0.00, 0.00, 0.00, 0.00, 0.00, 0.00, 0.00, 0.00, 0.00, 0.00, 0.00, 0.00, 0.00, 0.00, 0.00, 0.87, 0.00, 0.00, 0.67, 0.80, 0.39, 0.00, 0.00, 0.00, 0.94, 0.00],
 [0.00, 0.00, 0.00, 0.00, 0.00, 0.00, 0.00, 0.00, 0.00, 0.55, 0.00, 0.00, 0.00, 0.00, 0.00, 0.00, 0.00, 0.00, 0.00, 0.00, 0.00, 0.00, 0.00, 0.73, 0.00, 0.64, 0.00, 0.00, 0.00, 0.00, 0.94, 0.00, 0.00],
 [0.00, 0.00, 0.71, 0.00, 0.00, 0.00, 0.00, 0.00, 0.00, 0.00, 0.00, 0.00, 0.00, 0.00, 0.00, 0.00, 0.00, 0.00, 0.00, 0.00, 0.00, 0.00, 0.00, 0.00, 0.00, 0.00, 0.00, 0.00, 0.00, 0.00, 0.00, 0.00, 0.00]
];

Ebox =	[
 [0.00, 0.06, 0.06, 0.00, 0.00, 0.00, 0.00, 0.00, 0.00, 0.00, 0.00, 0.00, 0.00, 0.00, 0.00, 0.00, 0.00, 0.00, 0.00, 0.00, 0.00, 0.00, 0.00, 0.00, 0.00, 0.00, 0.00, 0.00, 0.00, 0.00, 0.00, 0.00, 0.00],
 [0.06, 0.00, 0.08, 0.00, 0.00, 0.00, 0.00, 0.08, 0.11, 0.00, 0.00, 0.00, 0.00, 0.00, 0.00, 0.00, 0.00, 0.00, 0.00, 0.00, 0.00, 0.00, 0.00, 0.00, 0.00, 0.00, 0.00, 0.00, 0.00, 0.00, 0.00, 0.00, 0.00],
 [0.06, 0.08, 0.00, 0.00, 0.00, 0.00, 0.00, 0.04, 0.00, 0.00, 0.00, 0.00, 0.00, 0.00, 0.00, 0.00, 0.00, 0.00, 0.00, 0.00, 0.00, 0.00, 0.00, 0.00, 0.00, 0.00, 0.00, 0.00, 0.16, 0.00, 0.00, 0.00, 0.06],
 [0.00, 0.00, 0.00, 0.00, 0.00, 0.00, 0.00, 0.00, 0.12, 0.00, 0.00, 0.00, 0.00, 0.09, 0.12, 0.00, 0.00, 0.00, 0.00, 0.00, 0.00, 0.00, 0.00, 0.00, 0.00, 0.00, 0.00, 0.00, 0.00, 0.00, 0.00, 0.00, 0.00],
 [0.00, 0.00, 0.00, 0.00, 0.00, 0.00, 0.00, 0.00, 0.00, 0.00, 0.00, 0.07, 0.00, 0.00, 0.00, 0.06, 0.00, 0.00, 0.00, 0.00, 0.00, 0.00, 0.00, 0.00, 0.07, 0.00, 0.08, 0.00, 0.00, 0.00, 0.00, 0.00, 0.00],
 [0.00, 0.00, 0.00, 0.00, 0.00, 0.00, 0.00, 0.00, 0.00, 0.00, 0.00, 0.09, 0.00, 0.00, 0.00, 0.07, 0.00, 0.11, 0.00, 0.00, 0.06, 0.00, 0.00, 0.00, 0.00, 0.00, 0.00, 0.00, 0.00, 0.00, 0.00, 0.00, 0.00],
 [0.00, 0.00, 0.00, 0.00, 0.00, 0.00, 0.00, 0.00, 0.11, 0.00, 0.00, 0.00, 0.07, 0.00, 0.05, 0.00, 0.03, 0.00, 0.00, 0.00, 0.00, 0.00, 0.00, 0.00, 0.00, 0.00, 0.00, 0.10, 0.00, 0.00, 0.00, 0.00, 0.00],
 [0.00, 0.08, 0.04, 0.00, 0.00, 0.00, 0.00, 0.00, 0.00, 0.00, 0.00, 0.00, 0.00, 0.00, 0.00, 0.00, 0.00, 0.00, 0.06, 0.09, 0.00, 0.00, 0.00, 0.00, 0.00, 0.00, 0.00, 0.00, 0.06, 0.00, 0.00, 0.00, 0.00],
 [0.00, 0.11, 0.00, 0.12, 0.00, 0.00, 0.11, 0.00, 0.00, 0.00, 0.00, 0.00, 0.00, 0.10, 0.11, 0.00, 0.00, 0.00, 0.00, 0.00, 0.00, 0.00, 0.00, 0.00, 0.00, 0.00, 0.00, 0.00, 0.00, 0.00, 0.00, 0.00, 0.00],
 [0.00, 0.00, 0.00, 0.00, 0.00, 0.00, 0.00, 0.00, 0.00, 0.00, 0.00, 0.00, 0.08, 0.00, 0.00, 0.00, 0.00, 0.00, 0.00, 0.00, 0.00, 0.00, 0.14, 0.17, 0.00, 0.09, 0.00, 0.00, 0.00, 0.00, 0.00, 0.09, 0.00],
 [0.00, 0.00, 0.00, 0.00, 0.00, 0.00, 0.00, 0.00, 0.00, 0.00, 0.00, 0.00, 0.00, 0.00, 0.00, 0.00, 0.00, 0.00, 0.05, 0.11, 0.00, 0.00, 0.00, 0.00, 0.00, 0.00, 0.00, 0.00, 0.07, 0.04, 0.00, 0.00, 0.00],
 [0.00, 0.00, 0.00, 0.00, 0.07, 0.09, 0.00, 0.00, 0.00, 0.00, 0.00, 0.00, 0.00, 0.00, 0.00, 0.16, 0.00, 0.00, 0.00, 0.00, 0.00, 0.00, 0.00, 0.00, 0.09, 0.00, 0.08, 0.00, 0.00, 0.00, 0.00, 0.00, 0.00],
 [0.00, 0.00, 0.00, 0.00, 0.00, 0.00, 0.07, 0.00, 0.00, 0.08, 0.00, 0.00, 0.00, 0.00, 0.00, 0.00, 0.11, 0.00, 0.00, 0.00, 0.00, 0.07, 0.00, 0.00, 0.00, 0.00, 0.00, 0.06, 0.00, 0.00, 0.00, 0.00, 0.00],
 [0.00, 0.00, 0.00, 0.09, 0.00, 0.00, 0.00, 0.00, 0.10, 0.00, 0.00, 0.00, 0.00, 0.00, 0.07, 0.00, 0.00, 0.00, 0.00, 0.00, 0.00, 0.00, 0.00, 0.00, 0.00, 0.00, 0.00, 0.00, 0.00, 0.00, 0.00, 0.00, 0.00],
 [0.00, 0.00, 0.00, 0.12, 0.00, 0.00, 0.05, 0.00, 0.11, 0.00, 0.00, 0.00, 0.00, 0.07, 0.00, 0.00, 0.00, 0.00, 0.00, 0.00, 0.00, 0.00, 0.00, 0.00, 0.00, 0.00, 0.00, 0.00, 0.00, 0.00, 0.00, 0.00, 0.00],
 [0.00, 0.00, 0.00, 0.00, 0.06, 0.07, 0.00, 0.00, 0.00, 0.00, 0.00, 0.16, 0.00, 0.00, 0.00, 0.00, 0.00, 0.00, 0.00, 0.00, 0.00, 0.00, 0.00, 0.00, 0.14, 0.00, 0.00, 0.00, 0.00, 0.00, 0.00, 0.00, 0.00],
 [0.00, 0.00, 0.00, 0.00, 0.00, 0.00, 0.03, 0.00, 0.00, 0.00, 0.00, 0.00, 0.11, 0.00, 0.00, 0.00, 0.00, 0.00, 0.00, 0.00, 0.00, 0.00, 0.08, 0.09, 0.00, 0.00, 0.00, 0.07, 0.00, 0.00, 0.00, 0.00, 0.00],
 [0.00, 0.00, 0.00, 0.00, 0.00, 0.11, 0.00, 0.00, 0.00, 0.00, 0.00, 0.00, 0.00, 0.00, 0.00, 0.00, 0.00, 0.00, 0.00, 0.00, 0.12, 0.00, 0.00, 0.00, 0.00, 0.00, 0.00, 0.00, 0.00, 0.00, 0.00, 0.00, 0.00],
 [0.00, 0.00, 0.00, 0.00, 0.00, 0.00, 0.00, 0.06, 0.00, 0.00, 0.05, 0.00, 0.00, 0.00, 0.00, 0.00, 0.00, 0.00, 0.00, 0.15, 0.00, 0.00, 0.00, 0.00, 0.00, 0.00, 0.00, 0.00, 0.00, 0.00, 0.00, 0.00, 0.00],
 [0.00, 0.00, 0.00, 0.00, 0.00, 0.00, 0.00, 0.09, 0.00, 0.00, 0.11, 0.00, 0.00, 0.00, 0.00, 0.00, 0.00, 0.00, 0.15, 0.00, 0.00, 0.00, 0.00, 0.00, 0.00, 0.00, 0.00, 0.00, 0.11, 0.07, 0.00, 0.00, 0.00],
 [0.00, 0.00, 0.00, 0.00, 0.00, 0.06, 0.00, 0.00, 0.00, 0.00, 0.00, 0.00, 0.00, 0.00, 0.00, 0.00, 0.00, 0.12, 0.00, 0.00, 0.00, 0.04, 0.00, 0.00, 0.00, 0.00, 0.00, 0.00, 0.00, 0.06, 0.00, 0.00, 0.00],
 [0.00, 0.00, 0.00, 0.00, 0.00, 0.00, 0.00, 0.00, 0.00, 0.00, 0.00, 0.00, 0.07, 0.00, 0.00, 0.00, 0.00, 0.00, 0.00, 0.00, 0.04, 0.00, 0.00, 0.00, 0.00, 0.00, 0.00, 0.07, 0.08, 0.00, 0.00, 0.00, 0.00],
 [0.00, 0.00, 0.00, 0.00, 0.00, 0.00, 0.00, 0.00, 0.00, 0.14, 0.00, 0.00, 0.00, 0.00, 0.00, 0.00, 0.08, 0.00, 0.00, 0.00, 0.00, 0.00, 0.00, 0.06, 0.00, 0.05, 0.00, 0.00, 0.00, 0.00, 0.08, 0.00, 0.00],
 [0.00, 0.00, 0.00, 0.00, 0.00, 0.00, 0.00, 0.00, 0.00, 0.17, 0.00, 0.00, 0.00, 0.00, 0.00, 0.00, 0.09, 0.00, 0.00, 0.00, 0.00, 0.00, 0.06, 0.00, 0.00, 0.00, 0.00, 0.00, 0.00, 0.00, 0.00, 0.07, 0.00],
 [0.00, 0.00, 0.00, 0.00, 0.07, 0.00, 0.00, 0.00, 0.00, 0.00, 0.00, 0.09, 0.00, 0.00, 0.00, 0.14, 0.00, 0.00, 0.00, 0.00, 0.00, 0.00, 0.00, 0.00, 0.00, 0.00, 0.00, 0.00, 0.00, 0.00, 0.00, 0.00, 0.00],
 [0.00, 0.00, 0.00, 0.00, 0.00, 0.00, 0.00, 0.00, 0.00, 0.09, 0.00, 0.00, 0.00, 0.00, 0.00, 0.00, 0.00, 0.00, 0.00, 0.00, 0.00, 0.00, 0.05, 0.00, 0.00, 0.00, 0.00, 0.00, 0.00, 0.00, 0.06, 0.10, 0.00],
 [0.00, 0.00, 0.00, 0.00, 0.08, 0.00, 0.00, 0.00, 0.00, 0.00, 0.00, 0.08, 0.00, 0.00, 0.00, 0.00, 0.00, 0.00, 0.00, 0.00, 0.00, 0.00, 0.00, 0.00, 0.00, 0.00, 0.00, 0.00, 0.00, 0.00, 0.15, 0.00, 0.00],
 [0.00, 0.00, 0.00, 0.00, 0.00, 0.00, 0.10, 0.00, 0.00, 0.00, 0.00, 0.00, 0.06, 0.00, 0.00, 0.00, 0.07, 0.00, 0.00, 0.00, 0.00, 0.07, 0.00, 0.00, 0.00, 0.00, 0.00, 0.00, 0.00, 0.00, 0.05, 0.00, 0.00],
 [0.00, 0.00, 0.16, 0.00, 0.00, 0.00, 0.00, 0.06, 0.00, 0.00, 0.07, 0.00, 0.00, 0.00, 0.00, 0.00, 0.00, 0.00, 0.00, 0.11, 0.00, 0.08, 0.00, 0.00, 0.00, 0.00, 0.00, 0.00, 0.00, 0.00, 0.00, 0.00, 0.00],
 [0.00, 0.00, 0.00, 0.00, 0.00, 0.00, 0.00, 0.00, 0.00, 0.00, 0.04, 0.00, 0.00, 0.00, 0.00, 0.00, 0.00, 0.00, 0.00, 0.07, 0.06, 0.00, 0.00, 0.00, 0.00, 0.00, 0.00, 0.00, 0.00, 0.00, 0.00, 0.00, 0.00],
 [0.00, 0.00, 0.00, 0.00, 0.00, 0.00, 0.00, 0.00, 0.00, 0.00, 0.00, 0.00, 0.00, 0.00, 0.00, 0.00, 0.00, 0.00, 0.00, 0.00, 0.00, 0.00, 0.08, 0.00, 0.00, 0.06, 0.15, 0.05, 0.00, 0.00, 0.00, 0.11, 0.00],
 [0.00, 0.00, 0.00, 0.00, 0.00, 0.00, 0.00, 0.00, 0.00, 0.09, 0.00, 0.00, 0.00, 0.00, 0.00, 0.00, 0.00, 0.00, 0.00, 0.00, 0.00, 0.00, 0.00, 0.07, 0.00, 0.10, 0.00, 0.00, 0.00, 0.00, 0.11, 0.00, 0.00],
 [0.00, 0.00, 0.06, 0.00, 0.00, 0.00, 0.00, 0.00, 0.00, 0.00, 0.00, 0.00, 0.00, 0.00, 0.00, 0.00, 0.00, 0.00, 0.00, 0.00, 0.00, 0.00, 0.00, 0.00, 0.00, 0.00, 0.00, 0.00, 0.00, 0.00, 0.00, 0.00, 0.00]
];

Distance = [
 [0.0, 6.26, 6.26, 0.0, 0.0, 0.0, 0.0, 0.0, 0.0, 0.0, 0.0, 0.0, 0.0, 0.0, 0.0, 0.0, 0.0, 0.0, 0.0, 0.0, 0.0, 0.0, 0.0, 0.0, 0.0, 0.0, 0.0, 0.0, 0.0, 0.0, 0.0, 0.0, 0.0],
 [6.26, 0.0, 7.56, 0.0, 0.0, 0.0, 0.0, 5.14, 6.67, 0.0, 0.0, 0.0, 0.0, 0.0, 0.0, 0.0, 0.0, 0.0, 0.0, 0.0, 0.0, 0.0, 0.0, 0.0, 0.0, 0.0, 0.0, 0.0, 0.0, 0.0, 0.0, 0.0, 0.0],
 [6.26, 7.56, 0.0, 0.0, 0.0, 0.0, 0.0, 3.62, 0.0, 0.0, 0.0, 0.0, 0.0, 0.0, 0.0, 0.0, 0.0, 0.0, 0.0, 0.0, 0.0, 0.0, 0.0, 0.0, 0.0, 0.0, 0.0, 0.0, 7.01, 0.0, 0.0, 0.0, 6.26],
 [0.0, 0.0, 0.0, 0.0, 0.0, 0.0, 0.0, 0.0, 7.8, 0.0, 0.0, 0.0, 0.0, 6.88, 5.26, 0.0, 0.0, 0.0, 0.0, 0.0, 0.0, 0.0, 0.0, 0.0, 0.0, 0.0, 0.0, 0.0, 0.0, 0.0, 0.0, 0.0, 0.0],
 [0.0, 0.0, 0.0, 0.0, 0.0, 0.0, 0.0, 0.0, 0.0, 0.0, 0.0, 5.25, 0.0, 0.0, 0.0, 6.06, 0.0, 0.0, 0.0, 0.0, 0.0, 0.0, 0.0, 0.0, 7.37, 0.0, 4.34, 0.0, 0.0, 0.0, 0.0, 0.0, 0.0],
 [0.0, 0.0, 0.0, 0.0, 0.0, 0.0, 0.0, 0.0, 0.0, 0.0, 0.0, 5.55, 0.0, 0.0, 0.0, 3.11, 0.0, 4.96, 0.0, 0.0, 4.18, 0.0, 0.0, 0.0, 0.0, 0.0, 0.0, 0.0, 0.0, 0.0, 0.0, 0.0, 0.0],
 [0.0, 0.0, 0.0, 0.0, 0.0, 0.0, 0.0, 0.0, 4.67, 0.0, 0.0, 0.0, 3.03, 0.0, 4.22, 0.0, 3.57, 0.0, 0.0, 0.0, 0.0, 0.0, 0.0, 0.0, 0.0, 0.0, 0.0, 6.58, 0.0, 0.0, 0.0, 0.0, 0.0],
 [0.0, 5.14, 3.62, 0.0, 0.0, 0.0, 0.0, 0.0, 0.0, 0.0, 0.0, 0.0, 0.0, 0.0, 0.0, 0.0, 0.0, 0.0, 3.85, 5.99, 0.0, 0.0, 0.0, 0.0, 0.0, 0.0, 0.0, 0.0, 3.28, 0.0, 0.0, 0.0, 0.0],
 [0.0, 6.67, 0.0, 7.8, 0.0, 0.0, 4.67, 0.0, 0.0, 0.0, 0.0, 0.0, 0.0, 4.54, 6.74, 0.0, 0.0, 0.0, 0.0, 0.0, 0.0, 0.0, 0.0, 0.0, 0.0, 0.0, 0.0, 0.0, 0.0, 0.0, 0.0, 0.0, 0.0],
 [0.0, 0.0, 0.0, 0.0, 0.0, 0.0, 0.0, 0.0, 0.0, 0.0, 0.0, 0.0, 6.99, 0.0, 0.0, 0.0, 0.0, 0.0, 0.0, 0.0, 0.0, 0.0, 6.86, 5.18, 0.0, 4.47, 0.0, 0.0, 0.0, 0.0, 0.0, 4.41, 0.0],
 [0.0, 0.0, 0.0, 0.0, 0.0, 0.0, 0.0, 0.0, 0.0, 0.0, 0.0, 0.0, 0.0, 0.0, 0.0, 0.0, 0.0, 0.0, 3.81, 6.92, 0.0, 0.0, 0.0, 0.0, 0.0, 0.0, 0.0, 0.0, 3.33, 3.02, 0.0, 0.0, 0.0],
 [0.0, 0.0, 0.0, 0.0, 5.25, 5.55, 0.0, 0.0, 0.0, 0.0, 0.0, 0.0, 0.0, 0.0, 0.0, 7.63, 0.0, 0.0, 0.0, 0.0, 0.0, 0.0, 0.0, 0.0, 4.42, 0.0, 3.54, 0.0, 0.0, 0.0, 0.0, 0.0, 0.0],
 [0.0, 0.0, 0.0, 0.0, 0.0, 0.0, 3.03, 0.0, 0.0, 6.99, 0.0, 0.0, 0.0, 0.0, 0.0, 0.0, 5.03, 0.0, 0.0, 0.0, 0.0, 4.44, 0.0, 0.0, 0.0, 0.0, 0.0, 4.98, 0.0, 0.0, 0.0, 0.0, 0.0],
 [0.0, 0.0, 0.0, 6.88, 0.0, 0.0, 0.0, 0.0, 4.54, 0.0, 0.0, 0.0, 0.0, 0.0, 3.34, 0.0, 0.0, 0.0, 0.0, 0.0, 0.0, 0.0, 0.0, 0.0, 0.0, 0.0, 0.0, 0.0, 0.0, 0.0, 0.0, 0.0, 0.0],
 [0.0, 0.0, 0.0, 5.26, 0.0, 0.0, 4.22, 0.0, 6.74, 0.0, 0.0, 0.0, 0.0, 3.34, 0.0, 0.0, 0.0, 0.0, 0.0, 0.0, 0.0, 0.0, 0.0, 0.0, 0.0, 0.0, 0.0, 0.0, 0.0, 0.0, 0.0, 0.0, 0.0],
 [0.0, 0.0, 0.0, 0.0, 6.06, 3.11, 0.0, 0.0, 0.0, 0.0, 0.0, 7.63, 0.0, 0.0, 0.0, 0.0, 0.0, 0.0, 0.0, 0.0, 0.0, 0.0, 0.0, 0.0, 5.9, 0.0, 0.0, 0.0, 0.0, 0.0, 0.0, 0.0, 0.0],
 [0.0, 0.0, 0.0, 0.0, 0.0, 0.0, 3.57, 0.0, 0.0, 0.0, 0.0, 0.0, 5.03, 0.0, 0.0, 0.0, 0.0, 0.0, 0.0, 0.0, 0.0, 0.0, 6.01, 6.49, 0.0, 0.0, 0.0, 5.0, 0.0, 0.0, 0.0, 0.0, 0.0],
 [0.0, 0.0, 0.0, 0.0, 0.0, 4.96, 0.0, 0.0, 0.0, 0.0, 0.0, 0.0, 0.0, 0.0, 0.0, 0.0, 0.0, 0.0, 0.0, 0.0, 6.6, 0.0, 0.0, 0.0, 0.0, 0.0, 0.0, 0.0, 0.0, 0.0, 0.0, 0.0, 0.0],
 [0.0, 0.0, 0.0, 0.0, 0.0, 0.0, 0.0, 3.85, 0.0, 0.0, 3.81, 0.0, 0.0, 0.0, 0.0, 0.0, 0.0, 0.0, 0.0, 6.58, 0.0, 0.0, 0.0, 0.0, 0.0, 0.0, 0.0, 0.0, 0.0, 0.0, 0.0, 0.0, 0.0],
 [0.0, 0.0, 0.0, 0.0, 0.0, 0.0, 0.0, 5.99, 0.0, 0.0, 6.92, 0.0, 0.0, 0.0, 0.0, 0.0, 0.0, 0.0, 6.58, 0.0, 0.0, 0.0, 0.0, 0.0, 0.0, 0.0, 0.0, 0.0, 5.12, 5.43, 0.0, 0.0, 0.0],
 [0.0, 0.0, 0.0, 0.0, 0.0, 4.18, 0.0, 0.0, 0.0, 0.0, 0.0, 0.0, 0.0, 0.0, 0.0, 0.0, 0.0, 6.6, 0.0, 0.0, 0.0, 3.01, 0.0, 0.0, 0.0, 0.0, 0.0, 0.0, 0.0, 5.31, 0.0, 0.0, 0.0],
 [0.0, 0.0, 0.0, 0.0, 0.0, 0.0, 0.0, 0.0, 0.0, 0.0, 0.0, 0.0, 4.44, 0.0, 0.0, 0.0, 0.0, 0.0, 0.0, 0.0, 3.01, 0.0, 0.0, 0.0, 0.0, 0.0, 0.0, 4.35, 6.22, 0.0, 0.0, 0.0, 0.0],
 [0.0, 0.0, 0.0, 0.0, 0.0, 0.0, 0.0, 0.0, 0.0, 6.86, 0.0, 0.0, 0.0, 0.0, 0.0, 0.0, 6.01, 0.0, 0.0, 0.0, 0.0, 0.0, 0.0, 4.61, 0.0, 4.65, 0.0, 0.0, 0.0, 0.0, 7.67, 0.0, 0.0],
 [0.0, 0.0, 0.0, 0.0, 0.0, 0.0, 0.0, 0.0, 0.0, 5.18, 0.0, 0.0, 0.0, 0.0, 0.0, 0.0, 6.49, 0.0, 0.0, 0.0, 0.0, 0.0, 4.61, 0.0, 0.0, 0.0, 0.0, 0.0, 0.0, 0.0, 0.0, 6.28, 0.0],
 [0.0, 0.0, 0.0, 0.0, 7.37, 0.0, 0.0, 0.0, 0.0, 0.0, 0.0, 4.42, 0.0, 0.0, 0.0, 5.9, 0.0, 0.0, 0.0, 0.0, 0.0, 0.0, 0.0, 0.0, 0.0, 0.0, 0.0, 0.0, 0.0, 0.0, 0.0, 0.0, 0.0],
 [0.0, 0.0, 0.0, 0.0, 0.0, 0.0, 0.0, 0.0, 0.0, 4.47, 0.0, 0.0, 0.0, 0.0, 0.0, 0.0, 0.0, 0.0, 0.0, 0.0, 0.0, 0.0, 4.65, 0.0, 0.0, 0.0, 0.0, 0.0, 0.0, 0.0, 5.87, 5.24, 0.0],
 [0.0, 0.0, 0.0, 0.0, 4.34, 0.0, 0.0, 0.0, 0.0, 0.0, 0.0, 3.54, 0.0, 0.0, 0.0, 0.0, 0.0, 0.0, 0.0, 0.0, 0.0, 0.0, 0.0, 0.0, 0.0, 0.0, 0.0, 0.0, 0.0, 0.0, 6.24, 0.0, 0.0],
 [0.0, 0.0, 0.0, 0.0, 0.0, 0.0, 6.58, 0.0, 0.0, 0.0, 0.0, 0.0, 4.98, 0.0, 0.0, 0.0, 5.0, 0.0, 0.0, 0.0, 0.0, 4.35, 0.0, 0.0, 0.0, 0.0, 0.0, 0.0, 0.0, 0.0, 3.22, 0.0, 0.0],
 [0.0, 0.0, 7.01, 0.0, 0.0, 0.0, 0.0, 3.28, 0.0, 0.0, 3.33, 0.0, 0.0, 0.0, 0.0, 0.0, 0.0, 0.0, 0.0, 5.12, 0.0, 6.22, 0.0, 0.0, 0.0, 0.0, 0.0, 0.0, 0.0, 0.0, 0.0, 0.0, 0.0],
 [0.0, 0.0, 0.0, 0.0, 0.0, 0.0, 0.0, 0.0, 0.0, 0.0, 3.02, 0.0, 0.0, 0.0, 0.0, 0.0, 0.0, 0.0, 0.0, 5.43, 5.31, 0.0, 0.0, 0.0, 0.0, 0.0, 0.0, 0.0, 0.0, 0.0, 0.0, 0.0, 0.0],
 [0.0, 0.0, 0.0, 0.0, 0.0, 0.0, 0.0, 0.0, 0.0, 0.0, 0.0, 0.0, 0.0, 0.0, 0.0, 0.0, 0.0, 0.0, 0.0, 0.0, 0.0, 0.0, 7.67, 0.0, 0.0, 5.87, 6.24, 3.22, 0.0, 0.0, 0.0, 7.98, 0.0],
 [0.0, 0.0, 0.0, 0.0, 0.0, 0.0, 0.0, 0.0, 0.0, 4.41, 0.0, 0.0, 0.0, 0.0, 0.0, 0.0, 0.0, 0.0, 0.0, 0.0, 0.0, 0.0, 0.0, 6.28, 0.0, 5.24, 0.0, 0.0, 0.0, 0.0, 7.98, 0.0, 0.0],
 [0.0, 0.0, 6.26, 0.0, 0.0, 0.0, 0.0, 0.0, 0.0, 0.0, 0.0, 0.0, 0.0, 0.0, 0.0, 0.0, 0.0, 0.0, 0.0, 0.0, 0.0, 0.0, 0.0, 0.0, 0.0, 0.0, 0.0, 0.0, 0.0, 0.0, 0.0, 0.0, 0.0]
];