// solution (optimal) with objective 945.169999128609
// Quality Incumbent solution:
// MIQCP objective                                9.4516999913e+02
// MIQCP solution norm |x| (Total, Max)           3.03745e+04  1.15780e+02
// MIQCP solution error (Ax=b) (Total, Max)       7.50392e-09  2.72161e-12
// MIQCP solution error (x'Qx+dx=f) (Total, Max)  5.98559e-09  2.67875e-12
// MIQCP x bound error (Total, Max)               0.00000e+00  0.00000e+00
// MIQCP x integrality error (Total, Max)         2.06316e-09  2.86409e-11
// MIQCP slack bound error (Total, Max)           0.00000e+00  0.00000e+00
// MIQCP quad. slack bound error (Total, Max)     3.41963e-07  2.63892e-07
// 

T = [0
         9.05 14.15 18.62 23.09 28.99 38.56 51.01 58.6 63.39 72.51 76.31 81.19
         88.77 98.42 106.73 115.78];
C = [[0 0 0 0 0 0 0 0 0 0 0 0 0 0 0 0 0]
             [0 0 0 0 0 0 0 0 0 0 0 0 0 0 0 0 0]
             [0 0 0 0 0 0 0 0 0 0 0 0 0 0 0 0 0]
             [0 0 1.2513e-9 1.3004e-9 1.3308e-9 1.3561e-9 1.372e-9 1.3699e-9
             1.3812e-9 1.3954e-9 1.3971e-9 1.408e-9 1.3968e-9 1.4125e-9 1.4062e-9
             1.3437e-9 0]
             [0 0 0 0 0 0 0 0 0 0 0 0 0 0 0 0 0]
             [0 0 0 0 0 0 1.3843e-9 1.3701e-9 1.4031e-9 1.4261e-9 1.432e-9
             1.4169e-9 1.4078e-9 1.3818e-9 1.3739e-9 1.346e-9 0]
             [0 0 0 0 0 0 0 0 0 0 0 0 0 0 0 0 0]
             [0 0 0 0 0 0 0 0 0 0 0 0 0 0 0 0 0]
             [0 0 0 0 0 0 0 0 0 0 0 0 0 0 0 0 0]
             [0 0 0 0 0 0 0 0 0 0 0 0 0 0 0 0 0]
             [0 0 0 1.3008e-9 1.3305e-9 1.3562e-9 1.3721e-9 1.3701e-9 1.3814e-9
             1.3956e-9 1.3973e-9 1.4079e-9 1.3969e-9 1.4123e-9 1.3747e-9 1.3431e-9
             0]
             [0 0 0 0 0 0 0 0 0 0 0 0 0 0 0 0 0]
             [0 0 0 0 0 0 0 0 0 0 0 0 0 0 0 0 0]
             [0 0 0 0 0 0 0 0 0 0 0 0 0 0 0 0 0]
             [0 0 0 0 0 0 0 0 0 0 0 0 0 0 0 0 0]
             [0 0 0 0 0 0 0 0 0 0 0 0 0 0 0 0 0]
             [0 0 0 0 1.3713e-9 1.3504e-9 1.3908e-9 1.4268e-9 1.4058e-9 1.4091e-9
             1.3972e-9 1.4079e-9 1.3966e-9 1.3811e-9 1.3742e-9 1.3457e-9 0]
             [0 0 0 1.2978e-9 1.3832e-9 1.1538e-9 1.391e-9 1.4047e-9 1.3814e-9
             1.3954e-9 1.3971e-9 1.408e-9 1.3965e-9 1.3811e-9 1.3738e-9 1.3459e-9
             0]
             [0 0 0 0 0 0 0 0 0 0 0 0 0 0 0 0 0]
             [0 0 0 0 0 0 0 0 0 0 0 0 0 0 0 0 0]
             [0 0 0 0 0 0 0 0 0 0 0 0 0 0 0 0 0]
             [0 0 0 1.2982e-9 1.3421e-9 1.3563e-9 1.372e-9 1.3705e-9 1.3815e-9
             1.3955e-9 1.3968e-9 1.427e-9 1.3989e-9 1.42e-9 1.3872e-9 1.3434e-9
             0]
             [0 0 0 0 0 0 0 0 0 0 0 0 0 0 0 0 0]
             [0 0 0 0 0 0 0 0 0 0 0 0 0 0 0 0 0]
             [0 0 0 0 0 0 0 0 0 0 0 0 0 0 0 0 0]
             [0 0 0 0 0 0 0 0 0 0 0 0 0 0 0 0 0]
             [0 0 0 0 0 0 0 0 0 0 0 0 0 0 0 0 0]
             [0 0 0 0 0 0 0 0 0 0 0 0 0 0 0 0 0]
             [0 0 0 0 0 0 0 0 0 0 0 0 0 0 0 0 0]];
P = [[1 0 0 0 0 0 0 0 0 0 0 0 0 0 0 0 0]
             [0 1 0 0 0 0 0 0 0 0 0 0 0 0 0 0 0]
             [0 0 0 0 0 0 0 0 0 0 0 0 0 0 0 1 0]
             [0 0 0 0 0 0 0 0 0 0 0 0 0 0 0 0 0]
             [0 0 0 0 0 0 0 0 0 0 0 0 0 0 0 0 0]
             [0 0 0 0 0 0 0 0 0 0 0 0 0 0 0 0 0]
             [0 0 0 0 0 0 0 0 0 0 0 0 0 0 0 0 0]
             [0 0 0 0 0 0 0 0 0 0 0 0 0 1 0 0 0]
             [0 0 0 0 0 0 0 0 0 0 0 0 0 0 0 0 0]
             [0 0 0 0 0 0 0 0 0 0 0 0 0 0 1 0 0]
             [0 0 0 0 0 0 0 0 0 0 0 0 0 0 0 0 0]
             [0 0 0 0 0 0 0 0 0 1 0 0 0 0 0 0 0]
             [0 0 0 0 0 0 0 0 0 0 0 0 0 0 0 0 0]
             [0 0 0 0 0 0 0 0 0 0 1 0 0 0 0 0 0]
             [0 0 0 0 0 0 0 0 0 0 0 0 0 0 0 0 0]
             [0 0 0 0 0 0 1 0 0 0 0 0 0 0 0 0 0]
             [0 0 0 0 0 0 0 0 0 0 0 0 0 0 0 0 0]
             [0 0 0 0 0 1 0 0 0 0 0 0 0 0 0 0 0]
             [0 0 0 0 0 0 0 0 0 0 0 0 1 0 0 0 0]
             [0 0 0 0 0 0 0 0 1 0 0 0 0 0 0 0 0]
             [0 0 1 0 1 0 0 0 0 0 0 0 0 0 0 0 0]
             [0 0 0 0 0 0 0 0 0 0 0 0 0 0 0 0 0]
             [0 0 0 1 0 0 0 0 0 0 0 0 0 0 0 0 0]
             [0 0 0 0 0 0 0 0 0 0 0 0 0 0 0 0 0]
             [0 0 0 0 0 0 0 0 0 0 0 0 0 0 0 0 0]
             [0 0 0 0 0 0 0 1 0 0 0 0 0 0 0 0 0]
             [0 0 0 0 0 0 0 0 0 0 0 0 0 0 0 0 0]
             [0 0 0 0 0 0 0 0 0 0 0 1 0 0 0 0 0]
             [0 0 0 0 0 0 0 0 0 0 0 0 0 0 0 0 1]];
Y = [[0 0 0 0 0 0 0 0 0 0 0 0 0 0 0 0 0]
             [0 0 0 0 0 0 0 0 0 0 0 0 0 0 0 0 0]
             [0 0 0 0 0 0 0 0 0 0 0 0 0 0 0 0 0]
             [0 0 0 0 0 0 0 0 0 0 0 0 0 0 0 0 0]
             [0 0 0 0 0 0 0 0 0 0 0 0 0 0 0 0 0]
             [0 0 0 0 0 0 0 0 0 0 0 0 0 0 0 0 0]
             [0 0 0 0 0 0 0 0 0 0 0 0 0 0 0 0 0]
             [0 0 0 0 0 0 0 0 0 0 0 0 0 0 0 0 0]
             [0 0 0 0 0 0 0 0 0 0 0 0 0 0 0 0 0]
             [0 0 0 0 0 0 0 0 0 0 0 0 0 0 0 0 0]
             [0 0 0 0 0 0 0 0 0 0 0 0 0 0 0 0 0]
             [0 0 0 0 0 0 0 0 0 0 0 0 0 0 0 0 0]
             [0 0 0 0 0 0 0 0 0 0 0 0 0 0 0 0 0]
             [0 0 0 0 0 0 0 0 0 0 0 0 0 0 0 0 0]
             [0 0 0 0 0 0 0 0 0 0 0 0 0 0 0 0 0]
             [0 0 0 0 0 0 0 0 0 0 0 0 0 0 0 0 0]
             [0 0 0 0 0 0 0 0 0 0 0 0 0 0 0 0 0]
             [0 0 0 0 0 0 0 0 0 0 0 0 0 0 0 0 0]
             [0 0 0 0 0 0 0 0 0 0 0 0 0 0 0 0 0]
             [0 0 0 0 0 0 0 0 0 0 0 0 0 0 0 0 0]
             [0 0 0 0 0 0 0 0 0 0 0 0 0 0 0 0 0]
             [0 0 0 0 0 0 0 0 0 0 0 0 0 0 0 0 0]
             [0 0 0 0 0 0 0 0 0 0 0 0 0 0 0 0 0]
             [0 0 0 0 0 0 0 0 0 0 0 0 0 0 0 0 0]
             [0 0 0 0 0 0 0 0 0 0 0 0 0 0 0 0 0]
             [0 0 0 0 0 0 0 0 0 0 0 0 0 0 0 0 0]
             [0 0 0 0 0 0 0 0 0 0 0 0 0 0 0 0 0]
             [0 0 0 0 0 0 0 0 0 0 0 0 0 0 0 0 0]
             [0 0 0 0 0 0 0 0 0 0 0 0 0 0 0 0 0]];
E = [[100 20 95.985 96.64 96.267 92.876 83.505 74.335 68.624 64.592 61.426 58.585
             55.526 51.679 47.893 37.702 21.826]
             [100 92.533 95.983 96.758 96.381 92.887 83.502 74.331 68.62 64.588
             61.422 58.581 55.524 51.677 47.889 37.707 21.828]
             [100 93.677 96.336 96.638 96.382 92.874 83.499 74.327 68.617 64.584
             61.419 58.578 55.493 53.303 49.199 41.263 21.769]
             [100 20 96.557 97.061 96.565 93.623 85.471 76.587 70.718 66.456
             63.211 60.308 57.309 53.883 48.613 39.193 21.827]
             [100 20 20 20 96.075 92.878 83.502 74.33 68.62 64.587 61.421 58.58
             55.522 51.704 46.232 37.732 21.937]
             [100 20 20 20 20 20 84.307 76.595 70.965 66.727 61.896 58.814
             55.721 53.889 48.592 40.836 21.936]
             [100 20 96.395 96.757 96.003 92.235 83.513 74.334 68.623 64.591
             61.425 58.584 55.526 51.706 46.231 37.727 21.935]
             [100 20 20 96.362 96.38 92.875 83.504 74.334 68.623 64.59 61.397
             60.148 58.45 48.769 43.343 36.122 21.937]
             [100 20 20 20 20 92.111 85.388 74.3 68.911 64.58 61.625 58.602
             54.088 51.729 46.231 37.73 21.936]
             [100 20 96.313 96.53 96.382 92.874 83.501 74.329 68.619 64.586
             61.42 58.553 57.083 54.652 45.081 34.839 21.829]
             [100 20 20 96.81 96.566 93.625 85.473 76.588 70.717 66.453 63.209
             60.306 57.306 53.865 48.568 39.236 21.936]
             [100 20 20 20 20 20 82.21 76.115 71.644 59.03 58.7 57.218 55.549
             51.708 46.23 37.726 21.935]
             [100 20 95.986 96.534 96.382 92.875 83.504 74.335 68.624 64.591
             61.425 58.584 55.525 51.679 47.88 37.703 21.826]
             [100 20 20 20 20 92.127 83.519 74.306 70.268 67.542 56.354 57.395
             54.137 50.258 46.255 37.729 21.936]
             [100 20 20 20 96.507 93.877 84.793 72.937 67.233 64.611 61.422
             58.581 55.523 51.705 46.232 37.731 21.937]
             [100 20 20 20 96.399 94.408 67.196 73.389 67.249 63.21 61.445
             58.581 55.522 51.704 46.229 37.73 21.936]
             [100 20 20 20 96.455 93.66 85.54 75.543 69.35 65.009 63.227 60.306
             57.295 53.877 48.58 40.828 21.934]
             [100 20 20 96.692 96.862 71.267 83.827 75.343 70.725 66.456 63.212
             60.308 57.3 53.878 48.591 40.835 21.935]
             [100 20 20 20 95.944 92.88 83.503 74.333 68.595 66.194 62.984
             60.134 51.262 48.91 44.696 37.755 21.936]
             [100 20 20 20 20 93.231 85.353 76.13 61.416 61.871 60.065 58.607
             55.526 51.707 46.23 37.727 21.935]
             [100 20 84.869 96.654 74.634 91.413 82.916 74.343 68.624 64.591
             61.425 58.584 55.525 51.706 46.229 37.726 21.935]
             [100 20 20 96.709 96.493 93.625 85.469 76.583 70.715 66.452 63.213
             60.396 57.739 52.24 46.925 39.239 21.937]
             [100 20 20 79.567 95.64 92.893 83.505 74.336 68.625 64.592 61.426
             58.585 55.527 51.708 46.23 37.726 21.935]
             [100 20 20 20 20 20 82.208 76.165 68.593 64.791 63.052 57.174
             54.121 51.731 46.23 37.726 21.935]
             [100 20 20 20 96.077 92.878 83.505 74.336 68.625 64.592 61.399
             60.164 57.126 50.233 44.689 37.75 21.934]
             [100 20 20 20 20 93.223 86.545 63.974 65.897 63.232 61.447 58.583
             55.525 51.707 46.231 37.729 21.936]
             [100 20 20 20 95.789 92.88 83.503 74.333 68.622 64.589 61.423
             58.582 55.524 51.705 46.231 37.729 21.936]
             [100 20 20 20 20 92.128 83.519 74.332 68.595 66.173 64.353 53.744
             52.771 50.274 46.256 37.73 21.936]
             [100 20 96.315 96.639 96.381 92.876 83.507 74.338 68.627 64.594
             61.428 58.587 55.528 51.682 47.848 40.508 37.028]];
Echarg = [[0 0 0 0 0 0 0 0 0 0 0 0 0 0 0 0 0]
             [0 0 0 0 0 0 0 0 0 0 0 0 0 0 0 0 0]
             [0 0 0 0 0 0 0 0 0 0 0 0 0 0 0 0 0]
             [0 0 2.206e-10 2.4405e-10 2.638e-10 2.5076e-10 2.5713e-10 2.5344e-10
             2.5744e-10 2.6365e-10 2.6351e-10 2.7273e-10 2.6552e-10 2.7557e-10
             2.7986e-10 2.4686e-10 0]
             [0 0 0 0 0 0 0 0 0 0 0 0 0 0 0 0 0]
             [0 0 0 0 0 0 2.6717e-10 2.5353e-10 2.6425e-10 2.7267e-10 2.7115e-10
             2.7324e-10 2.6779e-10 2.5988e-10 2.5797e-10 2.497e-10 0]
             [0 0 0 0 0 0 0 0 0 0 0 0 0 0 0 0 0]
             [0 0 0 0 0 0 0 0 0 0 0 0 0 0 0 0 0]
             [0 0 0 0 0 0 0 0 0 0 0 0 0 0 0 0 0]
             [0 0 0 0 0 0 0 0 0 0 0 0 0 0 0 0 0]
             [0 0 0 2.4391e-10 2.6356e-10 2.5079e-10 2.5721e-10 2.5352e-10
             2.5755e-10 2.6379e-10 2.6357e-10 2.7248e-10 2.6539e-10 2.7569e-10
             2.5831e-10 2.4659e-10 0]
             [0 0 0 0 0 0 0 0 0 0 0 0 0 0 0 0 0]
             [0 0 0 0 0 0 0 0 0 0 0 0 0 0 0 0 0]
             [0 0 0 0 0 0 0 0 0 0 0 0 0 0 0 0 0]
             [0 0 0 0 0 0 0 0 0 0 0 0 0 0 0 0 0]
             [0 0 0 0 0 0 0 0 0 0 0 0 0 0 0 0 0]
             [0 0 0 0 2.6568e-10 2.5001e-10 2.6782e-10 2.7643e-10 2.684e-10
             2.6708e-10 2.6353e-10 2.7241e-10 2.6514e-10 2.5945e-10 2.5809e-10
             2.4942e-10 0]
             [0 0 0 2.4016e-10 2.6322e-10 1.8892e-10 2.7554e-10 2.7519e-10
             2.5752e-10 2.6366e-10 2.6351e-10 2.7269e-10 2.653e-10 2.5954e-10
             2.5793e-10 2.4965e-10 0]
             [0 0 0 0 0 0 0 0 0 0 0 0 0 0 0 0 0]
             [0 0 0 0 0 0 0 0 0 0 0 0 0 0 0 0 0]
             [0 0 0 0 0 0 0 0 0 0 0 0 0 0 0 0 0]
             [0 0 0 2.4184e-10 2.6976e-10 2.5087e-10 2.5709e-10 2.5371e-10
             2.5757e-10 2.6371e-10 2.6339e-10 2.8946e-10 2.6971e-10 2.7143e-10
             2.6359e-10 2.4674e-10 0]
             [0 0 0 0 0 0 0 0 0 0 0 0 0 0 0 0 0]
             [0 0 0 0 0 0 0 0 0 0 0 0 0 0 0 0 0]
             [0 0 0 0 0 0 0 0 0 0 0 0 0 0 0 0 0]
             [0 0 0 0 0 0 0 0 0 0 0 0 0 0 0 0 0]
             [0 0 0 0 0 0 0 0 0 0 0 0 0 0 0 0 0]
             [0 0 0 0 0 0 0 0 0 0 0 0 0 0 0 0 0]
             [0 0 0 0 0 0 0 0 0 0 0 0 0 0 0 0 0]];
B = [[0 0 0 0 0 0 0 0 0 0 0 0 0 0 0 0 0]
             [0 0 0 0 0 0 0 0 0 0 0 0 0 0 0 0 0]
             [0 0 0 0 0 0 0 0 0 0 0 0 0 0 0 0 0]
             [0 0 0 0 0 0 0 0 0 0 0 0 0 0 0 0 0]
             [0 0 0 0 0 0 0 0 0 0 0 0 0 0 0 0 0]
             [0 0 0 0 0 0 0 0 0 0 0 0 0 0 0 0 0]
             [0 0 0 0 0 0 0 0 0 0 0 0 0 0 0 0 0]
             [0 0 0 0 0 0 0 0 0 0 0 0 0 1 0 0 0]
             [0 0 0 0 0 0 0 0 0 0 0 0 0 0 0 0 0]
             [0 0 0 0 0 0 0 0 0 0 0 0 0 0 1 0 0]
             [0 0 0 0 0 0 0 0 0 0 0 0 0 0 0 0 0]
             [0 0 0 0 0 0 0 0 0 1 0 0 0 0 0 0 0]
             [0 0 0 0 0 0 0 0 0 0 0 0 0 0 0 0 0]
             [0 0 0 0 0 0 0 0 0 0 1 0 0 0 0 0 0]
             [0 0 0 0 0 0 0 0 0 0 0 0 0 0 0 0 0]
             [0 0 0 0 0 0 1 0 0 0 0 0 0 0 0 0 0]
             [0 0 0 0 0 0 0 0 0 0 0 0 0 0 0 0 0]
             [0 0 0 0 0 0 0 0 0 0 0 0 0 0 0 0 0]
             [0 0 0 0 0 0 0 0 0 0 0 0 1 0 0 0 0]
             [0 0 0 0 0 0 0 0 1 0 0 0 0 0 0 0 0]
             [0 0 0 0 1 0 0 0 0 0 0 0 0 0 0 0 0]
             [0 0 0 0 0 0 0 0 0 0 0 0 0 0 0 0 0]
             [0 0 0 1 0 0 0 0 0 0 0 0 0 0 0 0 0]
             [0 0 0 0 0 0 0 0 0 0 0 0 0 0 0 0 0]
             [0 0 0 0 0 0 0 0 0 0 0 0 0 0 0 0 0]
             [0 0 0 0 0 0 0 1 0 0 0 0 0 0 0 0 0]
             [0 0 0 0 0 0 0 0 0 0 0 0 0 0 0 0 0]
             [0 0 0 0 0 0 0 0 0 0 0 1 0 0 0 0 0]
             [0 0 0 0 0 0 0 0 0 0 0 0 0 0 0 0 0]];
O = [0 0 0 1 2 2 3 4 5 6 7 8 9 10 11 11 11];
