Initial = 100; // Initial energy level at the depot
Eth = 20;	// Minimum energy level
Cswap = 50;	// Cost of swapping a module
Tswap = 2;	// Time to swap a battery module
M = 5;		// The total number of battery modules

S = 0;		// Sourse of EV
D = 24;		// Destination of EV
G = 10000;  // Large value

Nodes = 24;
Visits = 19;

Station =  [0, 0, 0, 0, 0, 0, 0, 0, 1, 0, 1, 1, 0, 0, 0, 0, 0, 0, 0, 0, 1, 0, 0, 1, 0];
Costumer = [0, 0, 0, 1, 1, 0, 0, 1, 0, 0, 0, 0, 0, 1, 0, 1, 1, 1, 0, 1, 0, 1, 1, 0, 0];

Adj = 	[
 [0, 1, 1, 0, 0, 0, 0, 0, 0, 0, 0, 0, 0, 0, 0, 0, 0, 0, 0, 0, 0, 0, 0, 0, 0],
 [1, 0, 1, 0, 1, 0, 0, 1, 0, 0, 0, 0, 1, 0, 0, 0, 0, 0, 0, 0, 0, 0, 0, 0, 0],
 [1, 1, 0, 0, 0, 0, 0, 1, 0, 0, 0, 0, 1, 0, 0, 0, 0, 0, 0, 0, 0, 0, 0, 0, 1],
 [0, 0, 0, 0, 0, 0, 0, 0, 0, 0, 0, 0, 0, 0, 1, 0, 0, 1, 0, 0, 1, 1, 0, 0, 0],
 [0, 1, 0, 0, 0, 0, 0, 0, 0, 0, 0, 0, 1, 0, 0, 0, 0, 0, 0, 0, 0, 0, 0, 0, 0],
 [0, 0, 0, 0, 0, 0, 0, 0, 0, 1, 0, 0, 1, 0, 1, 0, 0, 0, 0, 0, 0, 1, 0, 1, 0],
 [0, 0, 0, 0, 0, 0, 0, 0, 1, 0, 1, 0, 0, 0, 0, 1, 0, 0, 1, 1, 0, 0, 0, 0, 0],
 [0, 1, 1, 0, 0, 0, 0, 0, 0, 0, 0, 0, 0, 0, 0, 1, 0, 0, 0, 0, 0, 0, 0, 0, 0],
 [0, 0, 0, 0, 0, 0, 1, 0, 0, 0, 1, 0, 0, 0, 0, 0, 0, 0, 0, 0, 0, 1, 0, 0, 0],
 [0, 0, 0, 0, 0, 1, 0, 0, 0, 0, 0, 0, 0, 1, 0, 0, 0, 0, 0, 0, 0, 0, 1, 1, 0],
 [0, 0, 0, 0, 0, 0, 1, 0, 1, 0, 0, 0, 0, 0, 0, 0, 0, 1, 1, 0, 0, 0, 0, 0, 0],
 [0, 0, 0, 0, 0, 0, 0, 0, 0, 0, 0, 0, 0, 1, 1, 0, 1, 0, 0, 0, 1, 0, 0, 0, 0],
 [0, 1, 1, 0, 1, 1, 0, 0, 0, 0, 0, 0, 0, 0, 0, 0, 0, 0, 0, 0, 0, 0, 0, 0, 0],
 [0, 0, 0, 0, 0, 0, 0, 0, 0, 1, 0, 1, 0, 0, 0, 0, 1, 0, 0, 0, 0, 0, 1, 0, 0],
 [0, 0, 0, 1, 0, 1, 0, 0, 0, 0, 0, 1, 0, 0, 0, 0, 0, 0, 0, 0, 0, 1, 0, 1, 0],
 [0, 0, 0, 0, 0, 0, 1, 1, 0, 0, 0, 0, 0, 0, 0, 0, 0, 0, 0, 0, 0, 0, 0, 0, 0],
 [0, 0, 0, 0, 0, 0, 0, 0, 0, 0, 0, 1, 0, 1, 0, 0, 0, 0, 0, 0, 1, 0, 1, 0, 0],
 [0, 0, 0, 1, 0, 0, 0, 0, 0, 0, 1, 0, 0, 0, 0, 0, 0, 0, 1, 1, 1, 0, 0, 0, 0],
 [0, 0, 0, 0, 0, 0, 1, 0, 0, 0, 1, 0, 0, 0, 0, 0, 0, 1, 0, 0, 0, 0, 0, 0, 0],
 [0, 0, 0, 0, 0, 0, 1, 0, 0, 0, 0, 0, 0, 0, 0, 0, 0, 1, 0, 0, 1, 0, 0, 0, 0],
 [0, 0, 0, 1, 0, 0, 0, 0, 0, 0, 0, 1, 0, 0, 0, 0, 1, 1, 0, 1, 0, 0, 0, 0, 0],
 [0, 0, 0, 1, 0, 1, 0, 0, 1, 0, 0, 0, 0, 0, 1, 0, 0, 0, 0, 0, 0, 0, 0, 0, 0],
 [0, 0, 0, 0, 0, 0, 0, 0, 0, 1, 0, 0, 0, 1, 0, 0, 1, 0, 0, 0, 0, 0, 0, 0, 0],
 [0, 0, 0, 0, 0, 1, 0, 0, 0, 1, 0, 0, 0, 0, 1, 0, 0, 0, 0, 0, 0, 0, 0, 0, 0],
 [0, 0, 1, 0, 0, 0, 0, 0, 0, 0, 0, 0, 0, 0, 0, 0, 0, 0, 0, 0, 0, 0, 0, 0, 0]
];

Trav =	[
 [0.00, 11.82, 11.64, 0.00, 0.00, 0.00, 0.00, 0.00, 0.00, 0.00, 0.00, 0.00, 0.00, 0.00, 0.00, 0.00, 0.00, 0.00, 0.00, 0.00, 0.00, 0.00, 0.00, 0.00, 0.00],
 [11.82, 0.00, 5.54, 0.00, 7.16, 0.00, 0.00, 7.07, 0.00, 0.00, 0.00, 0.00, 10.78, 0.00, 0.00, 0.00, 0.00, 0.00, 0.00, 0.00, 0.00, 0.00, 0.00, 0.00, 0.00],
 [11.64, 5.54, 0.00, 0.00, 0.00, 0.00, 0.00, 8.66, 0.00, 0.00, 0.00, 0.00, 10.27, 0.00, 0.00, 0.00, 0.00, 0.00, 0.00, 0.00, 0.00, 0.00, 0.00, 0.00, 9.07],
 [0.00, 0.00, 0.00, 0.00, 0.00, 0.00, 0.00, 0.00, 0.00, 0.00, 0.00, 0.00, 0.00, 0.00, 5.95, 0.00, 0.00, 11.92, 0.00, 0.00, 9.24, 5.58, 0.00, 0.00, 0.00],
 [0.00, 7.16, 0.00, 0.00, 0.00, 0.00, 0.00, 0.00, 0.00, 0.00, 0.00, 0.00, 12.36, 0.00, 0.00, 0.00, 0.00, 0.00, 0.00, 0.00, 0.00, 0.00, 0.00, 0.00, 0.00],
 [0.00, 0.00, 0.00, 0.00, 0.00, 0.00, 0.00, 0.00, 0.00, 10.14, 0.00, 0.00, 12.19, 0.00, 10.39, 0.00, 0.00, 0.00, 0.00, 0.00, 0.00, 12.43, 0.00, 6.93, 0.00],
 [0.00, 0.00, 0.00, 0.00, 0.00, 0.00, 0.00, 0.00, 10.21, 0.00, 7.18, 0.00, 0.00, 0.00, 0.00, 4.63, 0.00, 0.00, 6.13, 13.49, 0.00, 0.00, 0.00, 0.00, 0.00],
 [0.00, 7.07, 8.66, 0.00, 0.00, 0.00, 0.00, 0.00, 0.00, 0.00, 0.00, 0.00, 0.00, 0.00, 0.00, 10.49, 0.00, 0.00, 0.00, 0.00, 0.00, 0.00, 0.00, 0.00, 0.00],
 [0.00, 0.00, 0.00, 0.00, 0.00, 0.00, 10.21, 0.00, 0.00, 0.00, 11.60, 0.00, 0.00, 0.00, 0.00, 0.00, 0.00, 0.00, 0.00, 0.00, 0.00, 5.58, 0.00, 0.00, 0.00],
 [0.00, 0.00, 0.00, 0.00, 0.00, 10.14, 0.00, 0.00, 0.00, 0.00, 0.00, 0.00, 0.00, 9.36, 0.00, 0.00, 0.00, 0.00, 0.00, 0.00, 0.00, 0.00, 7.17, 11.66, 0.00],
 [0.00, 0.00, 0.00, 0.00, 0.00, 0.00, 7.18, 0.00, 11.60, 0.00, 0.00, 0.00, 0.00, 0.00, 0.00, 0.00, 0.00, 6.19, 11.30, 0.00, 0.00, 0.00, 0.00, 0.00, 0.00],
 [0.00, 0.00, 0.00, 0.00, 0.00, 0.00, 0.00, 0.00, 0.00, 0.00, 0.00, 0.00, 0.00, 8.85, 6.23, 0.00, 11.53, 0.00, 0.00, 0.00, 12.00, 0.00, 0.00, 0.00, 0.00],
 [0.00, 10.78, 10.27, 0.00, 12.36, 12.19, 0.00, 0.00, 0.00, 0.00, 0.00, 0.00, 0.00, 0.00, 0.00, 0.00, 0.00, 0.00, 0.00, 0.00, 0.00, 0.00, 0.00, 0.00, 0.00],
 [0.00, 0.00, 0.00, 0.00, 0.00, 0.00, 0.00, 0.00, 0.00, 9.36, 0.00, 8.85, 0.00, 0.00, 0.00, 0.00, 7.67, 0.00, 0.00, 0.00, 0.00, 0.00, 13.11, 0.00, 0.00],
 [0.00, 0.00, 0.00, 5.95, 0.00, 10.39, 0.00, 0.00, 0.00, 0.00, 0.00, 6.23, 0.00, 0.00, 0.00, 0.00, 0.00, 0.00, 0.00, 0.00, 0.00, 11.41, 0.00, 7.49, 0.00],
 [0.00, 0.00, 0.00, 0.00, 0.00, 0.00, 4.63, 10.49, 0.00, 0.00, 0.00, 0.00, 0.00, 0.00, 0.00, 0.00, 0.00, 0.00, 0.00, 0.00, 0.00, 0.00, 0.00, 0.00, 0.00],
 [0.00, 0.00, 0.00, 0.00, 0.00, 0.00, 0.00, 0.00, 0.00, 0.00, 0.00, 11.53, 0.00, 7.67, 0.00, 0.00, 0.00, 0.00, 0.00, 0.00, 10.48, 0.00, 10.99, 0.00, 0.00],
 [0.00, 0.00, 0.00, 11.92, 0.00, 0.00, 0.00, 0.00, 0.00, 0.00, 6.19, 0.00, 0.00, 0.00, 0.00, 0.00, 0.00, 0.00, 7.00, 6.48, 10.09, 0.00, 0.00, 0.00, 0.00],
 [0.00, 0.00, 0.00, 0.00, 0.00, 0.00, 6.13, 0.00, 0.00, 0.00, 11.30, 0.00, 0.00, 0.00, 0.00, 0.00, 0.00, 7.00, 0.00, 0.00, 0.00, 0.00, 0.00, 0.00, 0.00],
 [0.00, 0.00, 0.00, 0.00, 0.00, 0.00, 13.49, 0.00, 0.00, 0.00, 0.00, 0.00, 0.00, 0.00, 0.00, 0.00, 0.00, 6.48, 0.00, 0.00, 8.64, 0.00, 0.00, 0.00, 0.00],
 [0.00, 0.00, 0.00, 9.24, 0.00, 0.00, 0.00, 0.00, 0.00, 0.00, 0.00, 12.00, 0.00, 0.00, 0.00, 0.00, 10.48, 10.09, 0.00, 8.64, 0.00, 0.00, 0.00, 0.00, 0.00],
 [0.00, 0.00, 0.00, 5.58, 0.00, 12.43, 0.00, 0.00, 5.58, 0.00, 0.00, 0.00, 0.00, 0.00, 11.41, 0.00, 0.00, 0.00, 0.00, 0.00, 0.00, 0.00, 0.00, 0.00, 0.00],
 [0.00, 0.00, 0.00, 0.00, 0.00, 0.00, 0.00, 0.00, 0.00, 7.17, 0.00, 0.00, 0.00, 13.11, 0.00, 0.00, 10.99, 0.00, 0.00, 0.00, 0.00, 0.00, 0.00, 0.00, 0.00],
 [0.00, 0.00, 0.00, 0.00, 0.00, 6.93, 0.00, 0.00, 0.00, 11.66, 0.00, 0.00, 0.00, 0.00, 7.49, 0.00, 0.00, 0.00, 0.00, 0.00, 0.00, 0.00, 0.00, 0.00, 0.00],
 [0.00, 0.00, 9.07, 0.00, 0.00, 0.00, 0.00, 0.00, 0.00, 0.00, 0.00, 0.00, 0.00, 0.00, 0.00, 0.00, 0.00, 0.00, 0.00, 0.00, 0.00, 0.00, 0.00, 0.00, 0.00]
];

Edep =	[
 [0.00, 1.03, 1.01, 0.00, 0.00, 0.00, 0.00, 0.00, 0.00, 0.00, 0.00, 0.00, 0.00, 0.00, 0.00, 0.00, 0.00, 0.00, 0.00, 0.00, 0.00, 0.00, 0.00, 0.00, 0.00],
 [1.03, 0.00, 0.39, 0.00, 0.71, 0.00, 0.00, 0.64, 0.00, 0.00, 0.00, 0.00, 1.02, 0.00, 0.00, 0.00, 0.00, 0.00, 0.00, 0.00, 0.00, 0.00, 0.00, 0.00, 0.00],
 [1.01, 0.39, 0.00, 0.00, 0.00, 0.00, 0.00, 0.86, 0.00, 0.00, 0.00, 0.00, 0.79, 0.00, 0.00, 0.00, 0.00, 0.00, 0.00, 0.00, 0.00, 0.00, 0.00, 0.00, 0.79],
 [0.00, 0.00, 0.00, 0.00, 0.00, 0.00, 0.00, 0.00, 0.00, 0.00, 0.00, 0.00, 0.00, 0.00, 0.35, 0.00, 0.00, 1.12, 0.00, 0.00, 0.98, 0.43, 0.00, 0.00, 0.00],
 [0.00, 0.71, 0.00, 0.00, 0.00, 0.00, 0.00, 0.00, 0.00, 0.00, 0.00, 0.00, 1.25, 0.00, 0.00, 0.00, 0.00, 0.00, 0.00, 0.00, 0.00, 0.00, 0.00, 0.00, 0.00],
 [0.00, 0.00, 0.00, 0.00, 0.00, 0.00, 0.00, 0.00, 0.00, 0.58, 0.00, 0.00, 1.08, 0.00, 0.93, 0.00, 0.00, 0.00, 0.00, 0.00, 0.00, 0.76, 0.00, 0.46, 0.00],
 [0.00, 0.00, 0.00, 0.00, 0.00, 0.00, 0.00, 0.00, 2.25, 0.00, 0.58, 0.00, 0.00, 0.00, 0.00, 0.33, 0.00, 0.00, 0.36, 1.12, 0.00, 0.00, 0.00, 0.00, 0.00],
 [0.00, 0.64, 0.86, 0.00, 0.00, 0.00, 0.00, 0.00, 0.00, 0.00, 0.00, 0.00, 0.00, 0.00, 0.00, 0.59, 0.00, 0.00, 0.00, 0.00, 0.00, 0.00, 0.00, 0.00, 0.00],
 [0.00, 0.00, 0.00, 0.00, 0.00, 0.00, 2.25, 0.00, 0.00, 0.00, 1.05, 0.00, 0.00, 0.00, 0.00, 0.00, 0.00, 0.00, 0.00, 0.00, 0.00, 0.32, 0.00, 0.00, 0.00],
 [0.00, 0.00, 0.00, 0.00, 0.00, 0.58, 0.00, 0.00, 0.00, 0.00, 0.00, 0.00, 0.00, 0.92, 0.00, 0.00, 0.00, 0.00, 0.00, 0.00, 0.00, 0.00, 0.59, 0.87, 0.00],
 [0.00, 0.00, 0.00, 0.00, 0.00, 0.00, 0.58, 0.00, 1.05, 0.00, 0.00, 0.00, 0.00, 0.00, 0.00, 0.00, 0.00, 0.48, 1.05, 0.00, 0.00, 0.00, 0.00, 0.00, 0.00],
 [0.00, 0.00, 0.00, 0.00, 0.00, 0.00, 0.00, 0.00, 0.00, 0.00, 0.00, 0.00, 0.00, 0.67, 0.61, 0.00, 0.80, 0.00, 0.00, 0.00, 0.73, 0.00, 0.00, 0.00, 0.00],
 [0.00, 1.02, 0.79, 0.00, 1.25, 1.08, 0.00, 0.00, 0.00, 0.00, 0.00, 0.00, 0.00, 0.00, 0.00, 0.00, 0.00, 0.00, 0.00, 0.00, 0.00, 0.00, 0.00, 0.00, 0.00],
 [0.00, 0.00, 0.00, 0.00, 0.00, 0.00, 0.00, 0.00, 0.00, 0.92, 0.00, 0.67, 0.00, 0.00, 0.00, 0.00, 0.66, 0.00, 0.00, 0.00, 0.00, 0.00, 0.89, 0.00, 0.00],
 [0.00, 0.00, 0.00, 0.35, 0.00, 0.93, 0.00, 0.00, 0.00, 0.00, 0.00, 0.61, 0.00, 0.00, 0.00, 0.00, 0.00, 0.00, 0.00, 0.00, 0.00, 0.98, 0.00, 0.56, 0.00],
 [0.00, 0.00, 0.00, 0.00, 0.00, 0.00, 0.33, 0.59, 0.00, 0.00, 0.00, 0.00, 0.00, 0.00, 0.00, 0.00, 0.00, 0.00, 0.00, 0.00, 0.00, 0.00, 0.00, 0.00, 0.00],
 [0.00, 0.00, 0.00, 0.00, 0.00, 0.00, 0.00, 0.00, 0.00, 0.00, 0.00, 0.80, 0.00, 0.66, 0.00, 0.00, 0.00, 0.00, 0.00, 0.00, 0.80, 0.00, 0.81, 0.00, 0.00],
 [0.00, 0.00, 0.00, 1.12, 0.00, 0.00, 0.00, 0.00, 0.00, 0.00, 0.48, 0.00, 0.00, 0.00, 0.00, 0.00, 0.00, 0.00, 0.43, 0.48, 0.66, 0.00, 0.00, 0.00, 0.00],
 [0.00, 0.00, 0.00, 0.00, 0.00, 0.00, 0.36, 0.00, 0.00, 0.00, 1.05, 0.00, 0.00, 0.00, 0.00, 0.00, 0.00, 0.43, 0.00, 0.00, 0.00, 0.00, 0.00, 0.00, 0.00],
 [0.00, 0.00, 0.00, 0.00, 0.00, 0.00, 1.12, 0.00, 0.00, 0.00, 0.00, 0.00, 0.00, 0.00, 0.00, 0.00, 0.00, 0.48, 0.00, 0.00, 0.60, 0.00, 0.00, 0.00, 0.00],
 [0.00, 0.00, 0.00, 0.98, 0.00, 0.00, 0.00, 0.00, 0.00, 0.00, 0.00, 0.73, 0.00, 0.00, 0.00, 0.00, 0.80, 0.66, 0.00, 0.60, 0.00, 0.00, 0.00, 0.00, 0.00],
 [0.00, 0.00, 0.00, 0.43, 0.00, 0.76, 0.00, 0.00, 0.32, 0.00, 0.00, 0.00, 0.00, 0.00, 0.98, 0.00, 0.00, 0.00, 0.00, 0.00, 0.00, 0.00, 0.00, 0.00, 0.00],
 [0.00, 0.00, 0.00, 0.00, 0.00, 0.00, 0.00, 0.00, 0.00, 0.59, 0.00, 0.00, 0.00, 0.89, 0.00, 0.00, 0.81, 0.00, 0.00, 0.00, 0.00, 0.00, 0.00, 0.00, 0.00],
 [0.00, 0.00, 0.00, 0.00, 0.00, 0.46, 0.00, 0.00, 0.00, 0.87, 0.00, 0.00, 0.00, 0.00, 0.56, 0.00, 0.00, 0.00, 0.00, 0.00, 0.00, 0.00, 0.00, 0.00, 0.00],
 [0.00, 0.00, 0.79, 0.00, 0.00, 0.00, 0.00, 0.00, 0.00, 0.00, 0.00, 0.00, 0.00, 0.00, 0.00, 0.00, 0.00, 0.00, 0.00, 0.00, 0.00, 0.00, 0.00, 0.00, 0.00]
];

Ebox =	[
 [0.00, 0.16, 0.15, 0.00, 0.00, 0.00, 0.00, 0.00, 0.00, 0.00, 0.00, 0.00, 0.00, 0.00, 0.00, 0.00, 0.00, 0.00, 0.00, 0.00, 0.00, 0.00, 0.00, 0.00, 0.00],
 [0.16, 0.00, 0.04, 0.00, 0.13, 0.00, 0.00, 0.11, 0.00, 0.00, 0.00, 0.00, 0.17, 0.00, 0.00, 0.00, 0.00, 0.00, 0.00, 0.00, 0.00, 0.00, 0.00, 0.00, 0.00],
 [0.15, 0.04, 0.00, 0.00, 0.00, 0.00, 0.00, 0.15, 0.00, 0.00, 0.00, 0.00, 0.10, 0.00, 0.00, 0.00, 0.00, 0.00, 0.00, 0.00, 0.00, 0.00, 0.00, 0.00, 0.12],
 [0.00, 0.00, 0.00, 0.00, 0.00, 0.00, 0.00, 0.00, 0.00, 0.00, 0.00, 0.00, 0.00, 0.00, 0.03, 0.00, 0.00, 0.19, 0.00, 0.00, 0.18, 0.05, 0.00, 0.00, 0.00],
 [0.00, 0.13, 0.00, 0.00, 0.00, 0.00, 0.00, 0.00, 0.00, 0.00, 0.00, 0.00, 0.22, 0.00, 0.00, 0.00, 0.00, 0.00, 0.00, 0.00, 0.00, 0.00, 0.00, 0.00, 0.00],
 [0.00, 0.00, 0.00, 0.00, 0.00, 0.00, 0.00, 0.00, 0.00, 0.05, 0.00, 0.00, 0.16, 0.00, 0.14, 0.00, 0.00, 0.00, 0.00, 0.00, 0.00, 0.07, 0.00, 0.05, 0.00],
 [0.00, 0.00, 0.00, 0.00, 0.00, 0.00, 0.00, 0.00, 0.28, 0.00, 0.08, 0.00, 0.00, 0.00, 0.00, 0.04, 0.00, 0.00, 0.03, 0.16, 0.00, 0.00, 0.00, 0.00, 0.00],
 [0.00, 0.11, 0.15, 0.00, 0.00, 0.00, 0.00, 0.00, 0.00, 0.00, 0.00, 0.00, 0.00, 0.00, 0.00, 0.04, 0.00, 0.00, 0.00, 0.00, 0.00, 0.00, 0.00, 0.00, 0.00],
 [0.00, 0.00, 0.00, 0.00, 0.00, 0.00, 0.28, 0.00, 0.00, 0.00, 0.16, 0.00, 0.00, 0.00, 0.00, 0.00, 0.00, 0.00, 0.00, 0.00, 0.00, 0.03, 0.00, 0.00, 0.00],
 [0.00, 0.00, 0.00, 0.00, 0.00, 0.05, 0.00, 0.00, 0.00, 0.00, 0.00, 0.00, 0.00, 0.16, 0.00, 0.00, 0.00, 0.00, 0.00, 0.00, 0.00, 0.00, 0.08, 0.10, 0.00],
 [0.00, 0.00, 0.00, 0.00, 0.00, 0.00, 0.08, 0.00, 0.16, 0.00, 0.00, 0.00, 0.00, 0.00, 0.00, 0.00, 0.00, 0.06, 0.18, 0.00, 0.00, 0.00, 0.00, 0.00, 0.00],
 [0.00, 0.00, 0.00, 0.00, 0.00, 0.00, 0.00, 0.00, 0.00, 0.00, 0.00, 0.00, 0.00, 0.08, 0.11, 0.00, 0.09, 0.00, 0.00, 0.00, 0.07, 0.00, 0.00, 0.00, 0.00],
 [0.00, 0.17, 0.10, 0.00, 0.22, 0.16, 0.00, 0.00, 0.00, 0.00, 0.00, 0.00, 0.00, 0.00, 0.00, 0.00, 0.00, 0.00, 0.00, 0.00, 0.00, 0.00, 0.00, 0.00, 0.00],
 [0.00, 0.00, 0.00, 0.00, 0.00, 0.00, 0.00, 0.00, 0.00, 0.16, 0.00, 0.08, 0.00, 0.00, 0.00, 0.00, 0.09, 0.00, 0.00, 0.00, 0.00, 0.00, 0.09, 0.00, 0.00],
 [0.00, 0.00, 0.00, 0.03, 0.00, 0.14, 0.00, 0.00, 0.00, 0.00, 0.00, 0.11, 0.00, 0.00, 0.00, 0.00, 0.00, 0.00, 0.00, 0.00, 0.00, 0.14, 0.00, 0.07, 0.00],
 [0.00, 0.00, 0.00, 0.00, 0.00, 0.00, 0.04, 0.04, 0.00, 0.00, 0.00, 0.00, 0.00, 0.00, 0.00, 0.00, 0.00, 0.00, 0.00, 0.00, 0.00, 0.00, 0.00, 0.00, 0.00],
 [0.00, 0.00, 0.00, 0.00, 0.00, 0.00, 0.00, 0.00, 0.00, 0.00, 0.00, 0.09, 0.00, 0.09, 0.00, 0.00, 0.00, 0.00, 0.00, 0.00, 0.10, 0.00, 0.09, 0.00, 0.00],
 [0.00, 0.00, 0.00, 0.19, 0.00, 0.00, 0.00, 0.00, 0.00, 0.00, 0.06, 0.00, 0.00, 0.00, 0.00, 0.00, 0.00, 0.00, 0.04, 0.06, 0.07, 0.00, 0.00, 0.00, 0.00],
 [0.00, 0.00, 0.00, 0.00, 0.00, 0.00, 0.03, 0.00, 0.00, 0.00, 0.18, 0.00, 0.00, 0.00, 0.00, 0.00, 0.00, 0.04, 0.00, 0.00, 0.00, 0.00, 0.00, 0.00, 0.00],
 [0.00, 0.00, 0.00, 0.00, 0.00, 0.00, 0.16, 0.00, 0.00, 0.00, 0.00, 0.00, 0.00, 0.00, 0.00, 0.00, 0.00, 0.06, 0.00, 0.00, 0.07, 0.00, 0.00, 0.00, 0.00],
 [0.00, 0.00, 0.00, 0.18, 0.00, 0.00, 0.00, 0.00, 0.00, 0.00, 0.00, 0.07, 0.00, 0.00, 0.00, 0.00, 0.10, 0.07, 0.00, 0.07, 0.00, 0.00, 0.00, 0.00, 0.00],
 [0.00, 0.00, 0.00, 0.05, 0.00, 0.07, 0.00, 0.00, 0.03, 0.00, 0.00, 0.00, 0.00, 0.00, 0.14, 0.00, 0.00, 0.00, 0.00, 0.00, 0.00, 0.00, 0.00, 0.00, 0.00],
 [0.00, 0.00, 0.00, 0.00, 0.00, 0.00, 0.00, 0.00, 0.00, 0.08, 0.00, 0.00, 0.00, 0.09, 0.00, 0.00, 0.09, 0.00, 0.00, 0.00, 0.00, 0.00, 0.00, 0.00, 0.00],
 [0.00, 0.00, 0.00, 0.00, 0.00, 0.05, 0.00, 0.00, 0.00, 0.10, 0.00, 0.00, 0.00, 0.00, 0.07, 0.00, 0.00, 0.00, 0.00, 0.00, 0.00, 0.00, 0.00, 0.00, 0.00],
 [0.00, 0.00, 0.12, 0.00, 0.00, 0.00, 0.00, 0.00, 0.00, 0.00, 0.00, 0.00, 0.00, 0.00, 0.00, 0.00, 0.00, 0.00, 0.00, 0.00, 0.00, 0.00, 0.00, 0.00, 0.00]
];Distance = [
 [0.0, 6.5, 6.5, 0.0, 0.0, 0.0, 0.0, 0.0, 0.0, 0.0, 0.0, 0.0, 0.0, 0.0, 0.0, 0.0, 0.0, 0.0, 0.0, 0.0, 0.0, 0.0, 0.0, 0.0, 0.0],
 [6.5, 0.0, 3.37, 0.0, 4.0, 0.0, 0.0, 4.89, 0.0, 0.0, 0.0, 0.0, 5.93, 0.0, 0.0, 0.0, 0.0, 0.0, 0.0, 0.0, 0.0, 0.0, 0.0, 0.0, 0.0],
 [6.5, 3.37, 0.0, 0.0, 0.0, 0.0, 0.0, 5.49, 0.0, 0.0, 0.0, 0.0, 6.16, 0.0, 0.0, 0.0, 0.0, 0.0, 0.0, 0.0, 0.0, 0.0, 0.0, 0.0, 6.5],
 [0.0, 0.0, 0.0, 0.0, 0.0, 0.0, 0.0, 0.0, 0.0, 0.0, 0.0, 0.0, 0.0, 0.0, 4.07, 0.0, 0.0, 6.76, 0.0, 0.0, 5.54, 3.35, 0.0, 0.0, 0.0],
 [0.0, 4.0, 0.0, 0.0, 0.0, 0.0, 0.0, 0.0, 0.0, 0.0, 0.0, 0.0, 7.21, 0.0, 0.0, 0.0, 0.0, 0.0, 0.0, 0.0, 0.0, 0.0, 0.0, 0.0, 0.0],
 [0.0, 0.0, 0.0, 0.0, 0.0, 0.0, 0.0, 0.0, 0.0, 5.49, 0.0, 0.0, 7.52, 0.0, 5.8, 0.0, 0.0, 0.0, 0.0, 0.0, 0.0, 7.98, 0.0, 3.81, 0.0],
 [0.0, 0.0, 0.0, 0.0, 0.0, 0.0, 0.0, 0.0, 6.04, 0.0, 4.43, 0.0, 0.0, 0.0, 0.0, 3.2, 0.0, 0.0, 3.42, 7.64, 0.0, 0.0, 0.0, 0.0, 0.0],
 [0.0, 4.89, 5.49, 0.0, 0.0, 0.0, 0.0, 0.0, 0.0, 0.0, 0.0, 0.0, 0.0, 0.0, 0.0, 7.08, 0.0, 0.0, 0.0, 0.0, 0.0, 0.0, 0.0, 0.0, 0.0],
 [0.0, 0.0, 0.0, 0.0, 0.0, 0.0, 6.04, 0.0, 0.0, 0.0, 6.28, 0.0, 0.0, 0.0, 0.0, 0.0, 0.0, 0.0, 0.0, 0.0, 0.0, 3.86, 0.0, 0.0, 0.0],
 [0.0, 0.0, 0.0, 0.0, 0.0, 5.49, 0.0, 0.0, 0.0, 0.0, 0.0, 0.0, 0.0, 5.93, 0.0, 0.0, 0.0, 0.0, 0.0, 0.0, 0.0, 0.0, 4.18, 7.97, 0.0],
 [0.0, 0.0, 0.0, 0.0, 0.0, 0.0, 4.43, 0.0, 6.28, 0.0, 0.0, 0.0, 0.0, 0.0, 0.0, 0.0, 0.0, 4.13, 6.78, 0.0, 0.0, 0.0, 0.0, 0.0, 0.0],
 [0.0, 0.0, 0.0, 0.0, 0.0, 0.0, 0.0, 0.0, 0.0, 0.0, 0.0, 0.0, 0.0, 5.97, 3.58, 0.0, 7.4, 0.0, 0.0, 0.0, 7.6, 0.0, 0.0, 0.0, 0.0],
 [0.0, 5.93, 6.16, 0.0, 7.21, 7.52, 0.0, 0.0, 0.0, 0.0, 0.0, 0.0, 0.0, 0.0, 0.0, 0.0, 0.0, 0.0, 0.0, 0.0, 0.0, 0.0, 0.0, 0.0, 0.0],
 [0.0, 0.0, 0.0, 0.0, 0.0, 0.0, 0.0, 0.0, 0.0, 5.93, 0.0, 5.97, 0.0, 0.0, 0.0, 0.0, 5.18, 0.0, 0.0, 0.0, 0.0, 0.0, 7.76, 0.0, 0.0],
 [0.0, 0.0, 0.0, 4.07, 0.0, 5.8, 0.0, 0.0, 0.0, 0.0, 0.0, 3.58, 0.0, 0.0, 0.0, 0.0, 0.0, 0.0, 0.0, 0.0, 0.0, 6.94, 0.0, 4.99, 0.0],
 [0.0, 0.0, 0.0, 0.0, 0.0, 0.0, 3.2, 7.08, 0.0, 0.0, 0.0, 0.0, 0.0, 0.0, 0.0, 0.0, 0.0, 0.0, 0.0, 0.0, 0.0, 0.0, 0.0, 0.0, 0.0],
 [0.0, 0.0, 0.0, 0.0, 0.0, 0.0, 0.0, 0.0, 0.0, 0.0, 0.0, 7.4, 0.0, 5.18, 0.0, 0.0, 0.0, 0.0, 0.0, 0.0, 6.55, 0.0, 7.24, 0.0, 0.0],
 [0.0, 0.0, 0.0, 6.76, 0.0, 0.0, 0.0, 0.0, 0.0, 0.0, 4.13, 0.0, 0.0, 0.0, 0.0, 0.0, 0.0, 0.0, 4.55, 4.21, 6.98, 0.0, 0.0, 0.0, 0.0],
 [0.0, 0.0, 0.0, 0.0, 0.0, 0.0, 3.42, 0.0, 0.0, 0.0, 6.78, 0.0, 0.0, 0.0, 0.0, 0.0, 0.0, 4.55, 0.0, 0.0, 0.0, 0.0, 0.0, 0.0, 0.0],
 [0.0, 0.0, 0.0, 0.0, 0.0, 0.0, 7.64, 0.0, 0.0, 0.0, 0.0, 0.0, 0.0, 0.0, 0.0, 0.0, 0.0, 4.21, 0.0, 0.0, 5.4, 0.0, 0.0, 0.0, 0.0],
 [0.0, 0.0, 0.0, 5.54, 0.0, 0.0, 0.0, 0.0, 0.0, 0.0, 0.0, 7.6, 0.0, 0.0, 0.0, 0.0, 6.55, 6.98, 0.0, 5.4, 0.0, 0.0, 0.0, 0.0, 0.0],
 [0.0, 0.0, 0.0, 3.35, 0.0, 7.98, 0.0, 0.0, 3.86, 0.0, 0.0, 0.0, 0.0, 0.0, 6.94, 0.0, 0.0, 0.0, 0.0, 0.0, 0.0, 0.0, 0.0, 0.0, 0.0],
 [0.0, 0.0, 0.0, 0.0, 0.0, 0.0, 0.0, 0.0, 0.0, 4.18, 0.0, 0.0, 0.0, 7.76, 0.0, 0.0, 7.24, 0.0, 0.0, 0.0, 0.0, 0.0, 0.0, 0.0, 0.0],
 [0.0, 0.0, 0.0, 0.0, 0.0, 3.81, 0.0, 0.0, 0.0, 7.97, 0.0, 0.0, 0.0, 0.0, 4.99, 0.0, 0.0, 0.0, 0.0, 0.0, 0.0, 0.0, 0.0, 0.0, 0.0],
 [0.0, 0.0, 6.5, 0.0, 0.0, 0.0, 0.0, 0.0, 0.0, 0.0, 0.0, 0.0, 0.0, 0.0, 0.0, 0.0, 0.0, 0.0, 0.0, 0.0, 0.0, 0.0, 0.0, 0.0, 0.0]
];