// solution (optimal) with objective 623.860008004457
// Quality Incumbent solution:
// MIQCP objective                                6.2386000800e+02
// MIQCP solution norm |x| (Total, Max)           9.02585e+03  1.06610e+02
// MIQCP solution error (Ax=b) (Total, Max)       1.30004e-09  1.91334e-12
// MIQCP solution error (x'Qx+dx=f) (Total, Max)  1.01886e-09  2.45848e-12
// MIQCP x bound error (Total, Max)               0.00000e+00  0.00000e+00
// MIQCP x integrality error (Total, Max)         3.90292e-09  2.46397e-10
// MIQCP slack bound error (Total, Max)           0.00000e+00  0.00000e+00
// MIQCP quad. slack bound error (Total, Max)     1.96911e-06  7.92816e-07
// 

T = [0
         11.67 25.51 30.47 36.44 42.41 50.64 62.99 77.3 84.88 94.94 106.61];
C = [[0 0 0 0 0 0 0 0 0 0 0 0]
             [0 0 0 0 0 0 0 0 0 0 0 0]
             [0 0 0 0 0 0 0 0 0 0 0 0]
             [0 0 0 0 0 0 0 0 0 0 0 0]
             [0 0 0 0 0 0 0 0 0 0 0 0]
             [0 0 0 0 0 0 0 0 0 0 0 0]
             [0 0 0 1.2186e-8 1.2125e-8 1.2226e-8 1.2277e-8 1.2157e-8 1.2169e-8
             1.2283e-8 1.2152e-8 0]
             [0 0 0 0 0 0 0 0 0 0 0 0]
             [0 0 0 0 0 0 0 0 0 0 0 0]
             [0 0 0 1.2099e-8 1.2121e-8 1.2126e-8 1.232e-8 1.2261e-8 1.2305e-8
             1.2241e-8 1.2099e-8 0]
             [0 0 0 0 0 0 0 0 0 0 0 0]
             [0 0 0 0 0 0 0 0 0 0 0 0]
             [0 0 0 0 0 0 0 0 0 0 0 0]];
P = [[1 0 0 0 0 0 0 0 0 0 0 0]
             [0 1 0 0 0 0 0 0 0 0 0 0]
             [0 0 0 0 0 0 0 0 0 0 1 0]
             [0 0 0 1 0 1 0 0 0 0 0 0]
             [0 0 0 0 0 0 0 0 1 0 0 0]
             [0 0 0 0 0 0 1 0 0 0 0 0]
             [0 0 0 0 0 0 0 0 0 0 0 0]
             [0 0 0 0 1 0 0 0 0 0 0 0]
             [0 0 0 0 0 0 0 0 0 1 0 0]
             [0 0 0 0 0 0 0 0 0 0 0 0]
             [0 0 0 0 0 0 0 1 0 0 0 0]
             [0 0 1 0 0 0 0 0 0 0 0 0]
             [0 0 0 0 0 0 0 0 0 0 0 1]];
Y = [[0 0 0 0 0 0 0 0 0 0 0 0]
             [0 0 0 0 0 0 0 0 0 0 0 0]
             [0 0 0 0 0 0 0 0 0 0 0 0]
             [0 0 0 0 0 0 0 0 0 0 0 0]
             [0 0 0 0 0 0 0 0 0 0 0 0]
             [0 0 0 0 0 0 0 0 0 0 0 0]
             [0 0 0 0 0 0 0 0 0 0 0 0]
             [0 0 0 0 0 0 0 0 0 0 0 0]
             [0 0 0 0 0 0 0 0 0 0 0 0]
             [0 0 0 0 0 0 0 0 0 0 0 0]
             [0 0 0 0 0 0 0 0 0 0 0 0]
             [0 0 0 0 0 0 0 0 0 0 0 0]
             [0 0 0 0 0 0 0 0 0 0 0 0]];
E = [[100 20 94.739 92.635 78.261 68.804 63.671 59.723 55.985 54.845 43.131
             24.344]
             [20 92.464 94.747 91.627 78.288 68.801 63.669 59.722 55.984 54.846
             43.133 24.345]
             [20 89.552 95.312 92.628 78.261 68.799 63.67 59.596 59.512 57.588
             42.892 24.014]
             [20 20 20 75.886 79.033 65.781 57.415 56.522 56.219 51.019 43.242
             25.053]
             [20 20 20 91.543 78.294 68.674 67.048 66.074 53.085 44.904 39.897
             25.069]
             [20 20 20 90.284 78.769 75.288 61.375 53.547 52.974 51.128 43.236
             25.052]
             [20 20 20 93.411 80.828 68.394 62.579 64.123 60.459 50.045 42.957
             25.065]
             [20 20 20 20 69.56 62.588 60.438 59.83 56.111 51.016 43.232 25.047]
             [20 20 95.251 92.634 78.265 68.673 67.152 63.083 59.366 48.942
             37.22 24.37]
             [20 20 20 91.569 80.729 73.769 64.259 58.972 55.136 53.81 46.908
             25.048]
             [20 20 20 90.295 78.218 72.267 70.019 57.306 53.309 47.801 39.821
             25.066]
             [20 20 83.078 90.284 78.869 72.457 63.842 56.45 52.884 51.129
             43.23 25.047]
             [20 20 95.249 92.63 78.261 68.806 63.673 59.725 55.994 54.634
             49.578 36.233]];
Echarg = [[0 0 0 0 0 0 0 0 0 0 0 0]
             [0 0 0 0 0 0 0 0 0 0 0 0]
             [0 0 0 0 0 0 0 0 0 0 0 0]
             [0 0 0 0 0 0 0 0 0 0 0 0]
             [0 0 0 0 0 0 0 0 0 0 0 0]
             [0 0 0 0 0 0 0 0 0 0 0 0]
             [0 0 0 1.7761e-9 1.7559e-9 1.8043e-9 1.8295e-9 1.7667e-9 1.7706e-9
             1.8312e-9 1.7617e-9 0]
             [0 0 0 0 0 0 0 0 0 0 0 0]
             [0 0 0 0 0 0 0 0 0 0 0 0]
             [0 0 0 1.7473e-9 1.7545e-9 1.7563e-9 1.8612e-9 1.8158e-9 1.8397e-9
             1.8064e-9 1.7459e-9 0]
             [0 0 0 0 0 0 0 0 0 0 0 0]
             [0 0 0 0 0 0 0 0 0 0 0 0]
             [0 0 0 0 0 0 0 0 0 0 0 0]];
B = [[0 0 0 0 0 0 0 0 0 0 0 0]
             [0 0 0 0 0 0 0 0 0 0 0 0]
             [0 0 0 0 0 0 0 0 0 0 0 0]
             [0 0 0 0 0 0 0 0 0 0 0 0]
             [0 0 0 0 0 0 0 0 1 0 0 0]
             [0 0 0 0 0 0 1 0 0 0 0 0]
             [0 0 0 0 0 0 0 0 0 0 0 0]
             [0 0 0 0 1 0 0 0 0 0 0 0]
             [0 0 0 0 0 0 0 0 0 1 0 0]
             [0 0 0 0 0 0 0 0 0 0 0 0]
             [0 0 0 0 0 0 0 1 0 0 0 0]
             [0 0 0 0 0 0 0 0 0 0 0 0]
             [0 0 0 0 0 0 0 0 0 0 0 0]];
O = [0 0 0 0 1 1 2 3 4 5 5 5];
