// solution (optimal) with objective 1315.03999423791
// Quality Incumbent solution:
// MIQCP objective                                1.3150399942e+03
// MIQCP solution norm |x| (Total, Max)           2.63188e+04  1.46440e+02
// MIQCP solution error (Ax=b) (Total, Max)       6.88590e-09  2.70723e-12
// MIQCP solution error (x'Qx+dx=f) (Total, Max)  4.90001e-09  2.58638e-12
// MIQCP x bound error (Total, Max)               0.00000e+00  0.00000e+00
// MIQCP x integrality error (Total, Max)         2.01021e-08  3.30223e-10
// MIQCP slack bound error (Total, Max)           0.00000e+00  0.00000e+00
// MIQCP quad. slack bound error (Total, Max)     2.81821e-06  1.17359e-06
// 

T = [0
         10.73 16.05 27.11 35.89 44.34 53.67 66.58 72.11 77.64 83.54 88.16
         96.72 108.08 122.28 129.99 135.71 146.44];
C = [[0 0 0 0 0 0 0 0 0 0 0 0 0 0 0 0 0 0]
             [0 0 0 0 0 0 0 0 0 0 0 0 0 0 0 0 0 0]
             [0 0 0 0 0 0 0 0 0 0 0 0 0 0 0 0 0 0]
             [0 0 0 0 0 0 0 0 0 0 0 0 0 0 0 0 0 0]
             [0 0 0 0 0 0 0 0 0 0 0 0 0 0 0 0 0 0]
             [0 0 0 0 0 1.4175e-8 1.5595e-8 1.4848e-8 1.5188e-8 1.588e-8 1.5811e-8
             1.5903e-8 1.5888e-8 1.5417e-8 1.5177e-8 1.486e-8 1.425e-8 0]
             [0 0 0 0 0 0 0 0 0 0 0 0 0 0 0 0 0 0]
             [0 0 0 0 0 0 0 0 0 0 0 0 0 0 0 0 0 0]
             [0 0 0 0 0 0 0 0 0 0 0 0 0 0 0 0 0 0]
             [0 0 0 0 0 0 0 0 0 0 0 0 0 0 0 0 0 0]
             [0 0 0 0 0 0 0 0 0 0 0 0 0 0 0 0 0 0]
             [0 0 0 0 0 0 0 0 0 0 0 0 0 0 0 0 0 0]
             [0 0 0 0 0 0 0 0 0 0 0 0 0 0 0 0 0 0]
             [0 0 1.1191e-8 1.1726e-8 1.3135e-8 1.398e-8 1.56e-8 1.485e-8 1.5193e-8
             1.5128e-8 1.5383e-8 1.5261e-8 1.5353e-8 1.582e-8 1.6279e-8 8.6739e-9
             1.4438e-8 0]
             [0 0 1.1196e-8 1.1726e-8 1.3133e-8 1.3974e-8 1.5598e-8 1.485e-8
             1.5194e-8 1.5133e-8 1.5384e-8 1.526e-8 1.5357e-8 1.5213e-8 1.5447e-8
             1.4864e-8 1.4319e-8 0]
             [0 0 0 1.2618e-8 1.5428e-8 1.5421e-8 1.5702e-8 1.4943e-8 1.5187e-8
             1.5129e-8 1.5384e-8 1.5261e-8 1.5355e-8 1.5212e-8 1.5063e-8 1.4861e-8
             1.4252e-8 0]
             [0 0 0 0 0 0 0 0 0 0 0 0 0 0 0 0 0 0]
             [0 0 0 0 0 0 0 0 0 0 0 0 0 0 0 0 0 0]
             [0 0 0 0 0 1.4179e-8 1.6511e-8 1.6023e-8 1.6088e-8 1.5351e-8 1.5525e-8
             1.5249e-8 1.5346e-8 1.5202e-8 1.5055e-8 1.4858e-8 1.4251e-8 0]
             [0 0 0 0 0 0 0 0 0 0 0 0 0 0 0 0 0 0]
             [0 0 0 0 0 0 0 0 0 0 0 0 0 0 0 0 0 0]
             [0 0 0 0 0 0 0 0 0 0 0 0 0 0 0 0 0 0]
             [0 0 0 0 0 0 0 0 0 0 0 0 0 0 0 0 0 0]
             [0 0 0 0 0 0 0 0 0 0 0 0 0 0 0 0 0 0]
             [0 0 0 0 0 0 0 0 0 0 0 0 0 0 0 0 0 0]];
P = [[1 0 0 0 0 0 0 0 0 0 0 0 0 0 0 0 0 0]
             [0 0 0 0 0 0 0 0 0 0 0 0 0 0 0 0 0 0]
             [0 1 0 0 0 0 0 0 0 0 0 0 0 0 0 0 1 0]
             [0 0 0 0 0 0 0 0 0 0 1 0 0 0 0 0 0 0]
             [0 0 1 0 0 0 0 0 0 0 0 0 0 0 0 0 0 0]
             [0 0 0 0 0 0 0 0 0 0 0 0 0 0 0 0 0 0]
             [0 0 0 0 0 1 0 0 0 0 0 0 0 0 0 0 0 0]
             [0 0 0 0 0 0 0 0 0 0 0 0 1 0 0 0 0 0]
             [0 0 0 0 0 0 0 0 0 0 0 0 0 1 0 0 0 0]
             [0 0 0 0 0 0 0 0 0 0 0 1 0 0 0 0 0 0]
             [0 0 0 0 0 0 0 0 1 0 0 0 0 0 0 0 0 0]
             [0 0 0 0 0 0 0 0 0 0 0 0 0 0 0 0 0 0]
             [0 0 0 0 0 0 0 0 0 0 0 0 0 0 0 0 0 0]
             [0 0 0 0 0 0 0 0 0 0 0 0 0 0 0 1 0 0]
             [0 0 0 0 0 0 0 0 0 0 0 0 0 0 0 0 0 0]
             [0 0 0 0 0 0 0 0 0 0 0 0 0 0 0 0 0 0]
             [0 0 0 0 0 0 0 0 0 0 0 0 0 0 0 0 0 0]
             [0 0 0 1 0 0 0 0 0 0 0 0 0 0 0 0 0 0]
             [0 0 0 0 0 0 0 0 0 0 0 0 0 0 0 0 0 0]
             [0 0 0 0 0 0 0 1 0 1 0 0 0 0 0 0 0 0]
             [0 0 0 0 1 0 0 0 0 0 0 0 0 0 0 0 0 0]
             [0 0 0 0 0 0 1 0 0 0 0 0 0 0 0 0 0 0]
             [0 0 0 0 0 0 0 0 0 0 0 0 0 0 0 0 0 0]
             [0 0 0 0 0 0 0 0 0 0 0 0 0 0 1 0 0 0]
             [0 0 0 0 0 0 0 0 0 0 0 0 0 0 0 0 0 1]];
Y = [[0 0 0 0 0 0 0 0 0 0 0 0 0 0 0 0 0 0]
             [0 0 0 0 0 0 0 0 0 0 0 0 0 0 0 0 0 0]
             [0 0 0 0 0 0 0 0 0 0 0 0 0 0 0 0 0 0]
             [0 0 0 0 0 0 0 0 0 0 0 0 0 0 0 0 0 0]
             [0 0 0 0 0 0 0 0 0 0 0 0 0 0 0 0 0 0]
             [0 0 0 0 0 0 0 0 0 0 0 0 0 0 0 0 0 0]
             [0 0 0 0 0 0 0 0 0 0 0 0 0 0 0 0 0 0]
             [0 0 0 0 0 0 0 0 0 0 0 0 0 0 0 0 0 0]
             [0 0 0 0 0 0 0 0 0 0 0 0 0 0 0 0 0 0]
             [0 0 0 0 0 0 0 0 0 0 0 0 0 0 0 0 0 0]
             [0 0 0 0 0 0 0 0 0 0 0 0 0 0 0 0 0 0]
             [0 0 0 0 0 0 0 0 0 0 0 0 0 0 0 0 0 0]
             [0 0 0 0 0 0 0 0 0 0 0 0 0 0 0 0 0 0]
             [0 0 0 0 0 0 0 0 0 0 0 0 0 0 0 0 0 0]
             [0 0 0 0 0 0 0 0 0 0 0 0 0 0 0 0 0 0]
             [0 0 0 0 0 0 0 0 0 0 0 0 0 0 0 0 0 0]
             [0 0 0 0 0 0 0 0 0 0 0 0 0 0 0 0 0 0]
             [0 0 0 0 0 0 0 0 0 0 0 0 0 0 0 0 0 0]
             [0 0 0 0 0 0 0 0 0 0 0 0 0 0 0 0 0 0]
             [0 0 0 0 0 0 0 0 0 0 0 0 0 0 0 0 0 0]
             [0 0 0 0 0 0 0 0 0 0 0 0 0 0 0 0 0 0]
             [0 0 0 0 0 0 0 0 0 0 0 0 0 0 0 0 0 0]
             [0 0 0 0 0 0 0 0 0 0 0 0 0 0 0 0 0 0]
             [0 0 0 0 0 0 0 0 0 0 0 0 0 0 0 0 0 0]
             [0 0 0 0 0 0 0 0 0 0 0 0 0 0 0 0 0 0]];
E = [[100 20 95.237 94.775 95.578 92.278 80.168 72.237 67.558 64.374 61.997
             59.866 57.77 55.27 51.805 48.334 37.392 22.219]
             [20 94.329 95.681 94.259 96.093 92.284 78.654 72.256 67.557 64.368
             61.992 59.86 57.764 55.265 51.806 48.34 37.397 22.223]
             [20 93.115 95.792 94.263 95.237 92.281 80.166 72.227 67.557 64.366
             61.99 59.859 57.763 55.231 53.577 49.805 42.164 22.143]
             [20 20 20 20 20 91.396 82.238 72.192 67.706 67.62 58.92 58.447
             56.213 53.673 51.875 46.441 37.428 22.381]
             [20 20 85.32 93.622 95.241 92.28 80.166 72.229 67.557 64.367 61.99
             59.859 57.764 55.229 53.606 48.319 36.626 22.224]
             [20 20 20 20 20 92.125 82.247 74.653 70 67.568 65.173 61.681 59.645
             56.486 53.165 49.347 40.699 22.381]
             [20 20 96.135 95.395 96.126 70.877 77.241 70.663 67.587 64.368
             61.992 59.862 57.765 55.266 51.842 46.442 37.427 22.382]
             [20 20 20 20 20 91.415 80.18 72.232 67.524 66.084 63.646 61.525
             55.012 52.163 50.219 46.471 37.426 22.38]
             [20 20 20 20 95.163 92.282 80.167 72.235 67.557 64.373 61.964
             61.527 60.979 52.517 48.679 44.709 37.453 22.378]
             [20 20 20 20 95.162 92.283 80.167 72.232 67.525 66.059 65.181
             57.204 54.646 55.488 51.872 44.649 37.457 22.38]
             [20 20 20 20 20 91.392 82.18 75.625 62.595 61.302 60.454 59.892
             57.765 55.265 51.843 46.441 37.427 22.381]
             [20 20 20 20 20 91.417 80.18 72.233 67.524 66.082 63.683 59.994
             56.184 53.676 51.874 46.44 37.426 22.379]
             [20 20 20 20 95.163 92.281 80.167 72.233 67.557 64.372 61.995
             59.864 57.767 55.267 51.841 46.438 37.425 22.378]
             [20 20 95.827 95.07 96.453 92.856 82.235 74.654 70.014 66.821
             64.446 62.319 60.26 58.573 56.672 46.46 38.553 22.223]
             [20 20 96.151 95.067 96.453 92.856 82.234 74.652 70.013 66.82
             64.446 62.32 60.272 57.82 55.323 49.315 40.108 22.379]
             [20 20 20 95.231 95.988 92.425 80.849 73.282 70.04 66.822 64.447
             62.321 60.275 57.837 54.522 49.316 40.693 22.379]
             [20 20 20 20 20 91.39 82.199 74.119 67.766 62.799 60.43 59.892
             57.765 55.266 51.842 46.441 37.427 22.38]
             [20 20 96.144 79.47 95.425 91.541 78.668 72.254 67.557 64.367
             61.991 59.86 57.764 55.263 51.806 48.359 37.397 22.223]
             [20 20 20 20 20 92.117 83.185 75.559 69.439 65.489 63.091 62.345
             60.274 57.838 54.527 49.322 40.7 22.382]
             [20 20 20 20 95.154 93.406 83.584 64.484 67.79 60.952 58.92 58.314
             57.796 55.266 51.844 46.442 37.428 22.381]
             [20 20 20 95.406 74.862 90.587 78.686 72.259 67.557 64.371 61.995
             59.864 57.767 55.268 51.841 46.439 37.424 22.379]
             [20 20 20 94.211 96.086 93.992 67.571 69.118 67.832 64.394 60.399
             59.893 57.766 55.267 51.842 46.44 37.426 22.379]
             [20 20 20 20 20 20 78.722 74.181 67.553 62.787 62.027 59.866 57.769
             55.269 51.841 46.437 37.422 22.377]
             [20 20 20 94.216 95.579 92.278 80.167 72.236 67.558 64.34 63.718
             59.832 57.84 58.541 49.517 43.158 36.715 22.378]
             [20 20 95.237 94.775 95.578 92.278 80.168 72.238 67.558 64.376
             61.999 59.868 57.771 55.271 51.806 48.277 40.569 36.459]];
Echarg = [[0 0 0 0 0 0 0 0 0 0 0 0 0 0 0 0 0 0]
             [0 0 0 0 0 0 0 0 0 0 0 0 0 0 0 0 0 0]
             [0 0 0 0 0 0 0 0 0 0 0 0 0 0 0 0 0 0]
             [0 0 0 0 0 0 0 0 0 0 0 0 0 0 0 0 0 0]
             [0 0 0 0 0 0 0 0 0 0 0 0 0 0 0 0 0 0]
             [0 0 0 0 0 3.2869e-9 3.805e-9 3.5099e-9 3.6433e-9 3.9304e-9 3.9028e-9
             3.9383e-9 3.9346e-9 3.7432e-9 3.6563e-9 3.526e-9 3.3027e-9 0]
             [0 0 0 0 0 0 0 0 0 0 0 0 0 0 0 0 0 0]
             [0 0 0 0 0 0 0 0 0 0 0 0 0 0 0 0 0 0]
             [0 0 0 0 0 0 0 0 0 0 0 0 0 0 0 0 0 0]
             [0 0 0 0 0 0 0 0 0 0 0 0 0 0 0 0 0 0]
             [0 0 0 0 0 0 0 0 0 0 0 0 0 0 0 0 0 0]
             [0 0 0 0 0 0 0 0 0 0 0 0 0 0 0 0 0 0]
             [0 0 0 0 0 0 0 0 0 0 0 0 0 0 0 0 0 0]
             [0 0 2.172e-9 2.3915e-9 2.9544e-9 3.2009e-9 3.8068e-9 3.5108e-9
             3.6453e-9 3.6222e-9 3.7246e-9 3.6785e-9 3.717e-9 3.9128e-9 4.0763e-9
             1.2451e-9 3.3747e-9 0]
             [0 0 2.1732e-9 2.3915e-9 2.9541e-9 3.1981e-9 3.8065e-9 3.5108e-9
             3.6461e-9 3.6241e-9 3.7248e-9 3.6784e-9 3.7187e-9 3.6661e-9 3.7646e-9
             3.5278e-9 3.3304e-9 0]
             [0 0 0 2.7103e-9 3.7926e-9 3.7733e-9 3.8402e-9 3.5459e-9 3.6432e-9
             3.6224e-9 3.7248e-9 3.6787e-9 3.7177e-9 3.6654e-9 3.613e-9 3.5267e-9
             3.3035e-9 0]
             [0 0 0 0 0 0 0 0 0 0 0 0 0 0 0 0 0 0]
             [0 0 0 0 0 0 0 0 0 0 0 0 0 0 0 0 0 0]
             [0 0 0 0 0 3.2888e-9 4.1825e-9 3.9859e-9 4.0069e-9 3.7074e-9 3.7805e-9
             3.6739e-9 3.7139e-9 3.6614e-9 3.6094e-9 3.5253e-9 3.3029e-9 0]
             [0 0 0 0 0 0 0 0 0 0 0 0 0 0 0 0 0 0]
             [0 0 0 0 0 0 0 0 0 0 0 0 0 0 0 0 0 0]
             [0 0 0 0 0 0 0 0 0 0 0 0 0 0 0 0 0 0]
             [0 0 0 0 0 0 0 0 0 0 0 0 0 0 0 0 0 0]
             [0 0 0 0 0 0 0 0 0 0 0 0 0 0 0 0 0 0]
             [0 0 0 0 0 0 0 0 0 0 0 0 0 0 0 0 0 0]];
B = [[0 0 0 0 0 0 0 0 0 0 0 0 0 0 0 0 0 0]
             [0 0 0 0 0 0 0 0 0 0 0 0 0 0 0 0 0 0]
             [0 0 0 0 0 0 0 0 0 0 0 0 0 0 0 0 0 0]
             [0 0 0 0 0 0 0 0 0 0 1 0 0 0 0 0 0 0]
             [0 0 1 0 0 0 0 0 0 0 0 0 0 0 0 0 0 0]
             [0 0 0 0 0 0 0 0 0 0 0 0 0 0 0 0 0 0]
             [0 0 0 0 0 0 0 0 0 0 0 0 0 0 0 0 0 0]
             [0 0 0 0 0 0 0 0 0 0 0 0 1 0 0 0 0 0]
             [0 0 0 0 0 0 0 0 0 0 0 0 0 1 0 0 0 0]
             [0 0 0 0 0 0 0 0 0 0 0 1 0 0 0 0 0 0]
             [0 0 0 0 0 0 0 0 1 0 0 0 0 0 0 0 0 0]
             [0 0 0 0 0 0 0 0 0 0 0 0 0 0 0 0 0 0]
             [0 0 0 0 0 0 0 0 0 0 0 0 0 0 0 0 0 0]
             [0 0 0 0 0 0 0 0 0 0 0 0 0 0 0 0 0 0]
             [0 0 0 0 0 0 0 0 0 0 0 0 0 0 0 0 0 0]
             [0 0 0 0 0 0 0 0 0 0 0 0 0 0 0 0 0 0]
             [0 0 0 0 0 0 0 0 0 0 0 0 0 0 0 0 0 0]
             [0 0 0 1 0 0 0 0 0 0 0 0 0 0 0 0 0 0]
             [0 0 0 0 0 0 0 0 0 0 0 0 0 0 0 0 0 0]
             [0 0 0 0 0 0 0 0 0 0 0 0 0 0 0 0 0 0]
             [0 0 0 0 1 0 0 0 0 0 0 0 0 0 0 0 0 0]
             [0 0 0 0 0 0 1 0 0 0 0 0 0 0 0 0 0 0]
             [0 0 0 0 0 0 0 0 0 0 0 0 0 0 0 0 0 0]
             [0 0 0 0 0 0 0 0 0 0 0 0 0 0 1 0 0 0]
             [0 0 0 0 0 0 0 0 0 0 0 0 0 0 0 0 0 0]];
O = [0 0 1 2 3 3 4 4 5 5 6 7 8 9 10 10 10 10];
