Initial = 100; // Initial energy level at the depot
Eth = 20;	// Minimum energy level
Cswap = 50;	// Cost of swapping a module
Tswap = 2;	// Time to swap a battery module
M = 5;		// The total number of battery modules

S = 0;		// Sourse of EV
D = 26;		// Destination of EV
G = 10000;  // Large value

Nodes = 26;
Visits = 21;

Station = [0, 0, 0, 0, 0, 1, 0, 0, 0, 0, 1, 1, 0, 0, 0, 0, 1, 0, 0, 0, 0, 1, 0, 0, 0, 0, 0];
Costumer = [0, 0, 0, 1, 1, 0, 0, 0, 1, 1, 0, 0, 1, 0, 1, 1, 0, 0, 0, 0, 1, 0, 0, 0, 1, 1, 0];

Adj = 	[
 [0, 1, 1, 0, 0, 0, 0, 0, 0, 0, 0, 0, 0, 0, 0, 0, 0, 0, 0, 0, 0, 0, 0, 0, 0, 0, 0],
 [1, 0, 1, 0, 0, 1, 0, 1, 0, 0, 0, 0, 0, 0, 0, 0, 0, 0, 0, 0, 0, 0, 0, 0, 0, 0, 0],
 [1, 1, 0, 0, 1, 1, 1, 0, 0, 0, 0, 0, 0, 0, 0, 0, 0, 0, 0, 0, 0, 0, 0, 0, 0, 0, 1],
 [0, 0, 0, 0, 0, 0, 0, 0, 0, 1, 0, 0, 0, 0, 0, 1, 1, 0, 0, 0, 0, 1, 0, 1, 0, 0, 0],
 [0, 0, 1, 0, 0, 1, 1, 1, 0, 0, 0, 0, 0, 0, 0, 0, 0, 1, 0, 0, 0, 0, 0, 0, 0, 0, 0],
 [0, 1, 1, 0, 1, 0, 0, 1, 0, 0, 0, 0, 0, 0, 0, 0, 0, 1, 0, 0, 0, 0, 0, 0, 0, 0, 0],
 [0, 0, 1, 0, 1, 0, 0, 1, 0, 0, 0, 1, 0, 0, 0, 0, 0, 0, 0, 0, 0, 0, 0, 0, 0, 0, 0],
 [0, 1, 0, 0, 1, 1, 1, 0, 0, 0, 0, 0, 0, 0, 0, 0, 0, 1, 0, 0, 0, 0, 0, 0, 0, 0, 0],
 [0, 0, 0, 0, 0, 0, 0, 0, 0, 0, 1, 0, 1, 0, 0, 0, 0, 0, 1, 0, 0, 0, 1, 0, 0, 0, 0],
 [0, 0, 0, 1, 0, 0, 0, 0, 0, 0, 0, 0, 0, 0, 0, 1, 0, 0, 0, 0, 0, 1, 0, 1, 0, 0, 0],
 [0, 0, 0, 0, 0, 0, 0, 0, 1, 0, 0, 0, 1, 0, 0, 0, 0, 0, 1, 0, 0, 0, 1, 0, 0, 0, 0],
 [0, 0, 0, 0, 0, 0, 1, 0, 0, 0, 0, 0, 0, 1, 0, 0, 0, 1, 0, 0, 0, 0, 1, 0, 0, 1, 0],
 [0, 0, 0, 0, 0, 0, 0, 0, 1, 0, 1, 0, 0, 0, 0, 0, 0, 0, 1, 0, 0, 0, 1, 0, 0, 0, 0],
 [0, 0, 0, 0, 0, 0, 0, 0, 0, 0, 0, 1, 0, 0, 0, 0, 0, 0, 0, 0, 0, 0, 1, 0, 0, 1, 0],
 [0, 0, 0, 0, 0, 0, 0, 0, 0, 0, 0, 0, 0, 0, 0, 0, 0, 0, 0, 1, 0, 0, 0, 0, 1, 0, 0],
 [0, 0, 0, 1, 0, 0, 0, 0, 0, 1, 0, 0, 0, 0, 0, 0, 1, 0, 0, 0, 0, 1, 0, 0, 0, 0, 0],
 [0, 0, 0, 1, 0, 0, 0, 0, 0, 0, 0, 0, 0, 0, 0, 1, 0, 0, 0, 1, 1, 0, 0, 0, 1, 0, 0],
 [0, 0, 0, 0, 1, 1, 0, 1, 0, 0, 0, 1, 0, 0, 0, 0, 0, 0, 0, 0, 1, 0, 0, 0, 0, 0, 0],
 [0, 0, 0, 0, 0, 0, 0, 0, 1, 0, 1, 0, 1, 0, 0, 0, 0, 0, 0, 0, 0, 1, 0, 0, 0, 1, 0],
 [0, 0, 0, 0, 0, 0, 0, 0, 0, 0, 0, 0, 0, 0, 1, 0, 1, 0, 0, 0, 1, 0, 0, 0, 1, 0, 0],
 [0, 0, 0, 0, 0, 0, 0, 0, 0, 0, 0, 0, 0, 0, 0, 0, 1, 1, 0, 1, 0, 0, 0, 0, 1, 1, 0],
 [0, 0, 0, 1, 0, 0, 0, 0, 0, 1, 0, 0, 0, 0, 0, 1, 0, 0, 1, 0, 0, 0, 0, 1, 0, 0, 0],
 [0, 0, 0, 0, 0, 0, 0, 0, 1, 0, 1, 1, 1, 1, 0, 0, 0, 0, 0, 0, 0, 0, 0, 0, 0, 0, 0],
 [0, 0, 0, 1, 0, 0, 0, 0, 0, 1, 0, 0, 0, 0, 0, 0, 0, 0, 0, 0, 0, 1, 0, 0, 0, 1, 0],
 [0, 0, 0, 0, 0, 0, 0, 0, 0, 0, 0, 0, 0, 0, 1, 0, 1, 0, 0, 1, 1, 0, 0, 0, 0, 0, 0],
 [0, 0, 0, 0, 0, 0, 0, 0, 0, 0, 0, 1, 0, 1, 0, 0, 0, 0, 1, 0, 1, 0, 0, 1, 0, 0, 0],
 [0, 0, 1, 0, 0, 0, 0, 0, 0, 0, 0, 0, 0, 0, 0, 0, 0, 0, 0, 0, 0, 0, 0, 0, 0, 0, 0]
];

Trav =	[
 [0.0, 5.53, 5.53, 0.0, 0.0, 0.0, 0.0, 0.0, 0.0, 0.0, 0.0, 0.0, 0.0, 0.0, 0.0, 0.0, 0.0, 0.0, 0.0, 0.0, 0.0, 0.0, 0.0, 0.0, 0.0, 0.0, 0.0],
 [5.53, 0.0, 11.1, 0.0, 0.0, 9.37, 0.0, 5.03, 0.0, 0.0, 0.0, 0.0, 0.0, 0.0, 0.0, 0.0, 0.0, 0.0, 0.0, 0.0, 0.0, 0.0, 0.0, 0.0, 0.0, 0.0, 0.0],
 [5.53, 11.1, 0.0, 0.0, 9.7, 8.38, 5.3, 0.0, 0.0, 0.0, 0.0, 0.0, 0.0, 0.0, 0.0, 0.0, 0.0, 0.0, 0.0, 0.0, 0.0, 0.0, 0.0, 0.0, 0.0, 0.0, 5.53],
 [0.0, 0.0, 0.0, 0.0, 0.0, 0.0, 0.0, 0.0, 0.0, 12.37, 0.0, 0.0, 0.0, 0.0, 0.0, 5.48, 9.52, 0.0, 0.0, 0.0, 0.0, 6.03, 0.0, 3.72, 0.0, 0.0, 0.0],
 [0.0, 0.0, 9.7, 0.0, 0.0, 8.34, 9.78, 8.49, 0.0, 0.0, 0.0, 0.0, 0.0, 0.0, 0.0, 0.0, 0.0, 13.22, 0.0, 0.0, 0.0, 0.0, 0.0, 0.0, 0.0, 0.0, 0.0],
 [0.0, 9.37, 8.38, 0.0, 8.34, 0.0, 0.0, 6.63, 0.0, 0.0, 0.0, 0.0, 0.0, 0.0, 0.0, 0.0, 0.0, 8.61, 0.0, 0.0, 0.0, 0.0, 0.0, 0.0, 0.0, 0.0, 0.0],
 [0.0, 0.0, 5.3, 0.0, 9.78, 0.0, 0.0, 14.72, 0.0, 0.0, 0.0, 7.16, 0.0, 0.0, 0.0, 0.0, 0.0, 0.0, 0.0, 0.0, 0.0, 0.0, 0.0, 0.0, 0.0, 0.0, 0.0],
 [0.0, 5.03, 0.0, 0.0, 8.49, 6.63, 14.72, 0.0, 0.0, 0.0, 0.0, 0.0, 0.0, 0.0, 0.0, 0.0, 0.0, 7.47, 0.0, 0.0, 0.0, 0.0, 0.0, 0.0, 0.0, 0.0, 0.0],
 [0.0, 0.0, 0.0, 0.0, 0.0, 0.0, 0.0, 0.0, 0.0, 0.0, 7.97, 0.0, 8.55, 0.0, 0.0, 0.0, 0.0, 0.0, 6.09, 0.0, 0.0, 0.0, 6.81, 0.0, 0.0, 0.0, 0.0],
 [0.0, 0.0, 0.0, 12.37, 0.0, 0.0, 0.0, 0.0, 0.0, 0.0, 0.0, 0.0, 0.0, 0.0, 0.0, 7.51, 0.0, 0.0, 0.0, 0.0, 0.0, 4.7, 0.0, 7.49, 0.0, 0.0, 0.0],
 [0.0, 0.0, 0.0, 0.0, 0.0, 0.0, 0.0, 0.0, 7.97, 0.0, 0.0, 0.0, 9.39, 0.0, 0.0, 0.0, 0.0, 0.0, 5.8, 0.0, 0.0, 0.0, 4.29, 0.0, 0.0, 0.0, 0.0],
 [0.0, 0.0, 0.0, 0.0, 0.0, 0.0, 7.16, 0.0, 0.0, 0.0, 0.0, 0.0, 0.0, 5.96, 0.0, 0.0, 0.0, 8.09, 0.0, 0.0, 0.0, 0.0, 8.65, 0.0, 0.0, 5.51, 0.0],
 [0.0, 0.0, 0.0, 0.0, 0.0, 0.0, 0.0, 0.0, 8.55, 0.0, 9.39, 0.0, 0.0, 0.0, 0.0, 0.0, 0.0, 0.0, 6.95, 0.0, 0.0, 0.0, 6.42, 0.0, 0.0, 0.0, 0.0],
 [0.0, 0.0, 0.0, 0.0, 0.0, 0.0, 0.0, 0.0, 0.0, 0.0, 0.0, 5.96, 0.0, 0.0, 0.0, 0.0, 0.0, 0.0, 0.0, 0.0, 0.0, 0.0, 9.55, 0.0, 0.0, 8.14, 0.0],
 [0.0, 0.0, 0.0, 0.0, 0.0, 0.0, 0.0, 0.0, 0.0, 0.0, 0.0, 0.0, 0.0, 0.0, 0.0, 0.0, 0.0, 0.0, 0.0, 11.13, 0.0, 0.0, 0.0, 0.0, 11.98, 0.0, 0.0],
 [0.0, 0.0, 0.0, 5.48, 0.0, 0.0, 0.0, 0.0, 0.0, 7.51, 0.0, 0.0, 0.0, 0.0, 0.0, 0.0, 6.36, 0.0, 0.0, 0.0, 0.0, 5.64, 0.0, 0.0, 0.0, 0.0, 0.0],
 [0.0, 0.0, 0.0, 9.52, 0.0, 0.0, 0.0, 0.0, 0.0, 0.0, 0.0, 0.0, 0.0, 0.0, 0.0, 6.36, 0.0, 0.0, 0.0, 6.66, 8.27, 0.0, 0.0, 0.0, 11.57, 0.0, 0.0],
 [0.0, 0.0, 0.0, 0.0, 13.22, 8.61, 0.0, 7.47, 0.0, 0.0, 0.0, 8.09, 0.0, 0.0, 0.0, 0.0, 0.0, 0.0, 0.0, 0.0, 11.69, 0.0, 0.0, 0.0, 0.0, 0.0, 0.0],
 [0.0, 0.0, 0.0, 0.0, 0.0, 0.0, 0.0, 0.0, 6.09, 0.0, 5.8, 0.0, 6.95, 0.0, 0.0, 0.0, 0.0, 0.0, 0.0, 0.0, 0.0, 4.64, 0.0, 0.0, 0.0, 10.54, 0.0],
 [0.0, 0.0, 0.0, 0.0, 0.0, 0.0, 0.0, 0.0, 0.0, 0.0, 0.0, 0.0, 0.0, 0.0, 11.13, 0.0, 6.66, 0.0, 0.0, 0.0, 7.46, 0.0, 0.0, 0.0, 4.56, 0.0, 0.0],
 [0.0, 0.0, 0.0, 0.0, 0.0, 0.0, 0.0, 0.0, 0.0, 0.0, 0.0, 0.0, 0.0, 0.0, 0.0, 0.0, 8.27, 11.69, 0.0, 7.46, 0.0, 0.0, 0.0, 0.0, 10.82, 11.08, 0.0],
 [0.0, 0.0, 0.0, 6.03, 0.0, 0.0, 0.0, 0.0, 0.0, 4.7, 0.0, 0.0, 0.0, 0.0, 0.0, 5.64, 0.0, 0.0, 4.64, 0.0, 0.0, 0.0, 0.0, 7.68, 0.0, 0.0, 0.0],
 [0.0, 0.0, 0.0, 0.0, 0.0, 0.0, 0.0, 0.0, 6.81, 0.0, 4.29, 8.65, 6.42, 9.55, 0.0, 0.0, 0.0, 0.0, 0.0, 0.0, 0.0, 0.0, 0.0, 0.0, 0.0, 0.0, 0.0],
 [0.0, 0.0, 0.0, 3.72, 0.0, 0.0, 0.0, 0.0, 0.0, 7.49, 0.0, 0.0, 0.0, 0.0, 0.0, 0.0, 0.0, 0.0, 0.0, 0.0, 0.0, 7.68, 0.0, 0.0, 0.0, 12.71, 0.0],
 [0.0, 0.0, 0.0, 0.0, 0.0, 0.0, 0.0, 0.0, 0.0, 0.0, 0.0, 0.0, 0.0, 0.0, 11.98, 0.0, 11.57, 0.0, 0.0, 4.56, 10.82, 0.0, 0.0, 0.0, 0.0, 0.0, 0.0],
 [0.0, 0.0, 0.0, 0.0, 0.0, 0.0, 0.0, 0.0, 0.0, 0.0, 0.0, 5.51, 0.0, 8.14, 0.0, 0.0, 0.0, 0.0, 10.54, 0.0, 11.08, 0.0, 0.0, 12.71, 0.0, 0.0, 0.0],
 [0.0, 0.0, 5.53, 0.0, 0.0, 0.0, 0.0, 0.0, 0.0, 0.0, 0.0, 0.0, 0.0, 0.0, 0.0, 0.0, 0.0, 0.0, 0.0, 0.0, 0.0, 0.0, 0.0, 0.0, 0.0, 0.0, 0.0]
];

Edep =	[
 [0.0, 0.48, 0.48, 0.0, 0.0, 0.0, 0.0, 0.0, 0.0, 0.0, 0.0, 0.0, 0.0, 0.0, 0.0, 0.0, 0.0, 0.0, 0.0, 0.0, 0.0, 0.0, 0.0, 0.0, 0.0, 0.0, 0.0],
 [0.48, 0.0, 0.9, 0.0, 0.0, 0.97, 0.0, 0.49, 0.0, 0.0, 0.0, 0.0, 0.0, 0.0, 0.0, 0.0, 0.0, 0.0, 0.0, 0.0, 0.0, 0.0, 0.0, 0.0, 0.0, 0.0, 0.0],
 [0.48, 0.9, 0.0, 0.0, 0.7, 0.51, 0.51, 0.0, 0.0, 0.0, 0.0, 0.0, 0.0, 0.0, 0.0, 0.0, 0.0, 0.0, 0.0, 0.0, 0.0, 0.0, 0.0, 0.0, 0.0, 0.0, 0.48],
 [0.0, 0.0, 0.0, 0.0, 0.0, 0.0, 0.0, 0.0, 0.0, 0.73, 0.0, 0.0, 0.0, 0.0, 0.0, 0.48, 2.1, 0.0, 0.0, 0.0, 0.0, 0.56, 0.0, 0.82, 0.0, 0.0, 0.0],
 [0.0, 0.0, 0.7, 0.0, 0.0, 0.61, 0.79, 0.67, 0.0, 0.0, 0.0, 0.0, 0.0, 0.0, 0.0, 0.0, 0.0, 0.8, 0.0, 0.0, 0.0, 0.0, 0.0, 0.0, 0.0, 0.0, 0.0],
 [0.0, 0.97, 0.51, 0.0, 0.61, 0.0, 0.0, 0.7, 0.0, 0.0, 0.0, 0.0, 0.0, 0.0, 0.0, 0.0, 0.0, 0.63, 0.0, 0.0, 0.0, 0.0, 0.0, 0.0, 0.0, 0.0, 0.0],
 [0.0, 0.0, 0.51, 0.0, 0.79, 0.0, 0.0, 0.88, 0.0, 0.0, 0.0, 0.62, 0.0, 0.0, 0.0, 0.0, 0.0, 0.0, 0.0, 0.0, 0.0, 0.0, 0.0, 0.0, 0.0, 0.0, 0.0],
 [0.0, 0.49, 0.0, 0.0, 0.67, 0.7, 0.88, 0.0, 0.0, 0.0, 0.0, 0.0, 0.0, 0.0, 0.0, 0.0, 0.0, 0.48, 0.0, 0.0, 0.0, 0.0, 0.0, 0.0, 0.0, 0.0, 0.0],
 [0.0, 0.0, 0.0, 0.0, 0.0, 0.0, 0.0, 0.0, 0.0, 0.0, 0.83, 0.0, 0.84, 0.0, 0.0, 0.0, 0.0, 0.0, 0.47, 0.0, 0.0, 0.0, 0.54, 0.0, 0.0, 0.0, 0.0],
 [0.0, 0.0, 0.0, 0.73, 0.0, 0.0, 0.0, 0.0, 0.0, 0.0, 0.0, 0.0, 0.0, 0.0, 0.0, 0.43, 0.0, 0.0, 0.0, 0.0, 0.0, 0.41, 0.0, 0.52, 0.0, 0.0, 0.0],
 [0.0, 0.0, 0.0, 0.0, 0.0, 0.0, 0.0, 0.0, 0.83, 0.0, 0.0, 0.0, 0.76, 0.0, 0.0, 0.0, 0.0, 0.0, 0.58, 0.0, 0.0, 0.0, 0.43, 0.0, 0.0, 0.0, 0.0],
 [0.0, 0.0, 0.0, 0.0, 0.0, 0.0, 0.62, 0.0, 0.0, 0.0, 0.0, 0.0, 0.0, 0.51, 0.0, 0.0, 0.0, 0.73, 0.0, 0.0, 0.0, 0.0, 0.51, 0.0, 0.0, 0.43, 0.0],
 [0.0, 0.0, 0.0, 0.0, 0.0, 0.0, 0.0, 0.0, 0.84, 0.0, 0.76, 0.0, 0.0, 0.0, 0.0, 0.0, 0.0, 0.0, 0.5, 0.0, 0.0, 0.0, 0.4, 0.0, 0.0, 0.0, 0.0],
 [0.0, 0.0, 0.0, 0.0, 0.0, 0.0, 0.0, 0.0, 0.0, 0.0, 0.0, 0.51, 0.0, 0.0, 0.0, 0.0, 0.0, 0.0, 0.0, 0.0, 0.0, 0.0, 0.99, 0.0, 0.0, 0.73, 0.0],
 [0.0, 0.0, 0.0, 0.0, 0.0, 0.0, 0.0, 0.0, 0.0, 0.0, 0.0, 0.0, 0.0, 0.0, 0.0, 0.0, 0.0, 0.0, 0.0, 0.64, 0.0, 0.0, 0.0, 0.0, 0.94, 0.0, 0.0],
 [0.0, 0.0, 0.0, 0.48, 0.0, 0.0, 0.0, 0.0, 0.0, 0.43, 0.0, 0.0, 0.0, 0.0, 0.0, 0.0, 0.43, 0.0, 0.0, 0.0, 0.0, 0.47, 0.0, 0.0, 0.0, 0.0, 0.0],
 [0.0, 0.0, 0.0, 2.1, 0.0, 0.0, 0.0, 0.0, 0.0, 0.0, 0.0, 0.0, 0.0, 0.0, 0.0, 0.43, 0.0, 0.0, 0.0, 0.49, 0.87, 0.0, 0.0, 0.0, 0.97, 0.0, 0.0],
 [0.0, 0.0, 0.0, 0.0, 0.8, 0.63, 0.0, 0.48, 0.0, 0.0, 0.0, 0.73, 0.0, 0.0, 0.0, 0.0, 0.0, 0.0, 0.0, 0.0, 0.67, 0.0, 0.0, 0.0, 0.0, 0.0, 0.0],
 [0.0, 0.0, 0.0, 0.0, 0.0, 0.0, 0.0, 0.0, 0.47, 0.0, 0.58, 0.0, 0.5, 0.0, 0.0, 0.0, 0.0, 0.0, 0.0, 0.0, 0.0, 0.39, 0.0, 0.0, 0.0, 0.69, 0.0],
 [0.0, 0.0, 0.0, 0.0, 0.0, 0.0, 0.0, 0.0, 0.0, 0.0, 0.0, 0.0, 0.0, 0.0, 0.64, 0.0, 0.49, 0.0, 0.0, 0.0, 0.59, 0.0, 0.0, 0.0, 0.4, 0.0, 0.0],
 [0.0, 0.0, 0.0, 0.0, 0.0, 0.0, 0.0, 0.0, 0.0, 0.0, 0.0, 0.0, 0.0, 0.0, 0.0, 0.0, 0.87, 0.67, 0.0, 0.59, 0.0, 0.0, 0.0, 0.0, 0.63, 0.9, 0.0],
 [0.0, 0.0, 0.0, 0.56, 0.0, 0.0, 0.0, 0.0, 0.0, 0.41, 0.0, 0.0, 0.0, 0.0, 0.0, 0.47, 0.0, 0.0, 0.39, 0.0, 0.0, 0.0, 0.0, 0.73, 0.0, 0.0, 0.0],
 [0.0, 0.0, 0.0, 0.0, 0.0, 0.0, 0.0, 0.0, 0.54, 0.0, 0.43, 0.51, 0.4, 0.99, 0.0, 0.0, 0.0, 0.0, 0.0, 0.0, 0.0, 0.0, 0.0, 0.0, 0.0, 0.0, 0.0],
 [0.0, 0.0, 0.0, 0.82, 0.0, 0.0, 0.0, 0.0, 0.0, 0.52, 0.0, 0.0, 0.0, 0.0, 0.0, 0.0, 0.0, 0.0, 0.0, 0.0, 0.0, 0.73, 0.0, 0.0, 0.0, 0.9, 0.0],
 [0.0, 0.0, 0.0, 0.0, 0.0, 0.0, 0.0, 0.0, 0.0, 0.0, 0.0, 0.0, 0.0, 0.0, 0.94, 0.0, 0.97, 0.0, 0.0, 0.4, 0.63, 0.0, 0.0, 0.0, 0.0, 0.0, 0.0],
 [0.0, 0.0, 0.0, 0.0, 0.0, 0.0, 0.0, 0.0, 0.0, 0.0, 0.0, 0.43, 0.0, 0.73, 0.0, 0.0, 0.0, 0.0, 0.69, 0.0, 0.9, 0.0, 0.0, 0.9, 0.0, 0.0, 0.0],
 [0.0, 0.0, 0.48, 0.0, 0.0, 0.0, 0.0, 0.0, 0.0, 0.0, 0.0, 0.0, 0.0, 0.0, 0.0, 0.0, 0.0, 0.0, 0.0, 0.0, 0.0, 0.0, 0.0, 0.0, 0.0, 0.0, 0.0]
];
		
Ebox =	[
 [0.0, 0.07, 0.07, 0.0, 0.0, 0.0, 0.0, 0.0, 0.0, 0.0, 0.0, 0.0, 0.0, 0.0, 0.0, 0.0, 0.0, 0.0, 0.0, 0.0, 0.0, 0.0, 0.0, 0.0, 0.0, 0.0, 0.0],
 [0.07, 0.0, 0.12, 0.0, 0.0, 0.18, 0.0, 0.09, 0.0, 0.0, 0.0, 0.0, 0.0, 0.0, 0.0, 0.0, 0.0, 0.0, 0.0, 0.0, 0.0, 0.0, 0.0, 0.0, 0.0, 0.0, 0.0],
 [0.07, 0.12, 0.0, 0.0, 0.08, 0.05, 0.08, 0.0, 0.0, 0.0, 0.0, 0.0, 0.0, 0.0, 0.0, 0.0, 0.0, 0.0, 0.0, 0.0, 0.0, 0.0, 0.0, 0.0, 0.0, 0.0, 0.07],
 [0.0, 0.0, 0.0, 0.0, 0.0, 0.0, 0.0, 0.0, 0.0, 0.06, 0.0, 0.0, 0.0, 0.0, 0.0, 0.07, 0.26, 0.0, 0.0, 0.0, 0.0, 0.09, 0.0, 0.1, 0.0, 0.0, 0.0],
 [0.0, 0.0, 0.08, 0.0, 0.0, 0.07, 0.11, 0.09, 0.0, 0.0, 0.0, 0.0, 0.0, 0.0, 0.0, 0.0, 0.0, 0.07, 0.0, 0.0, 0.0, 0.0, 0.0, 0.0, 0.0, 0.0, 0.0],
 [0.0, 0.18, 0.05, 0.0, 0.07, 0.0, 0.0, 0.13, 0.0, 0.0, 0.0, 0.0, 0.0, 0.0, 0.0, 0.0, 0.0, 0.08, 0.0, 0.0, 0.0, 0.0, 0.0, 0.0, 0.0, 0.0, 0.0],
 [0.0, 0.0, 0.08, 0.0, 0.11, 0.0, 0.0, 0.08, 0.0, 0.0, 0.0, 0.09, 0.0, 0.0, 0.0, 0.0, 0.0, 0.0, 0.0, 0.0, 0.0, 0.0, 0.0, 0.0, 0.0, 0.0, 0.0],
 [0.0, 0.09, 0.0, 0.0, 0.09, 0.13, 0.08, 0.0, 0.0, 0.0, 0.0, 0.0, 0.0, 0.0, 0.0, 0.0, 0.0, 0.05, 0.0, 0.0, 0.0, 0.0, 0.0, 0.0, 0.0, 0.0, 0.0],
 [0.0, 0.0, 0.0, 0.0, 0.0, 0.0, 0.0, 0.0, 0.0, 0.0, 0.15, 0.0, 0.15, 0.0, 0.0, 0.0, 0.0, 0.0, 0.06, 0.0, 0.0, 0.0, 0.07, 0.0, 0.0, 0.0, 0.0],
 [0.0, 0.0, 0.0, 0.06, 0.0, 0.0, 0.0, 0.0, 0.0, 0.0, 0.0, 0.0, 0.0, 0.0, 0.0, 0.04, 0.0, 0.0, 0.0, 0.0, 0.0, 0.06, 0.0, 0.06, 0.0, 0.0, 0.0],
 [0.0, 0.0, 0.0, 0.0, 0.0, 0.0, 0.0, 0.0, 0.15, 0.0, 0.0, 0.0, 0.1, 0.0, 0.0, 0.0, 0.0, 0.0, 0.1, 0.0, 0.0, 0.0, 0.08, 0.0, 0.0, 0.0, 0.0],
 [0.0, 0.0, 0.0, 0.0, 0.0, 0.0, 0.09, 0.0, 0.0, 0.0, 0.0, 0.0, 0.0, 0.08, 0.0, 0.0, 0.0, 0.11, 0.0, 0.0, 0.0, 0.0, 0.04, 0.0, 0.0, 0.05, 0.0],
 [0.0, 0.0, 0.0, 0.0, 0.0, 0.0, 0.0, 0.0, 0.15, 0.0, 0.1, 0.0, 0.0, 0.0, 0.0, 0.0, 0.0, 0.0, 0.06, 0.0, 0.0, 0.0, 0.04, 0.0, 0.0, 0.0, 0.0],
 [0.0, 0.0, 0.0, 0.0, 0.0, 0.0, 0.0, 0.0, 0.0, 0.0, 0.0, 0.08, 0.0, 0.0, 0.0, 0.0, 0.0, 0.0, 0.0, 0.0, 0.0, 0.0, 0.18, 0.0, 0.0, 0.11, 0.0],
 [0.0, 0.0, 0.0, 0.0, 0.0, 0.0, 0.0, 0.0, 0.0, 0.0, 0.0, 0.0, 0.0, 0.0, 0.0, 0.0, 0.0, 0.0, 0.0, 0.05, 0.0, 0.0, 0.0, 0.0, 0.12, 0.0, 0.0],
 [0.0, 0.0, 0.0, 0.07, 0.0, 0.0, 0.0, 0.0, 0.0, 0.04, 0.0, 0.0, 0.0, 0.0, 0.0, 0.0, 0.05, 0.0, 0.0, 0.0, 0.0, 0.07, 0.0, 0.0, 0.0, 0.0, 0.0],
 [0.0, 0.0, 0.0, 0.26, 0.0, 0.0, 0.0, 0.0, 0.0, 0.0, 0.0, 0.0, 0.0, 0.0, 0.0, 0.05, 0.0, 0.0, 0.0, 0.06, 0.16, 0.0, 0.0, 0.0, 0.14, 0.0, 0.0],
 [0.0, 0.0, 0.0, 0.0, 0.07, 0.08, 0.0, 0.05, 0.0, 0.0, 0.0, 0.11, 0.0, 0.0, 0.0, 0.0, 0.0, 0.0, 0.0, 0.0, 0.06, 0.0, 0.0, 0.0, 0.0, 0.0, 0.0],
 [0.0, 0.0, 0.0, 0.0, 0.0, 0.0, 0.0, 0.0, 0.06, 0.0, 0.1, 0.0, 0.06, 0.0, 0.0, 0.0, 0.0, 0.0, 0.0, 0.0, 0.0, 0.05, 0.0, 0.0, 0.0, 0.07, 0.0],
 [0.0, 0.0, 0.0, 0.0, 0.0, 0.0, 0.0, 0.0, 0.0, 0.0, 0.0, 0.0, 0.0, 0.0, 0.05, 0.0, 0.06, 0.0, 0.0, 0.0, 0.08, 0.0, 0.0, 0.0, 0.06, 0.0, 0.0],
 [0.0, 0.0, 0.0, 0.0, 0.0, 0.0, 0.0, 0.0, 0.0, 0.0, 0.0, 0.0, 0.0, 0.0, 0.0, 0.0, 0.16, 0.06, 0.0, 0.08, 0.0, 0.0, 0.0, 0.0, 0.05, 0.12, 0.0],
 [0.0, 0.0, 0.0, 0.09, 0.0, 0.0, 0.0, 0.0, 0.0, 0.06, 0.0, 0.0, 0.0, 0.0, 0.0, 0.07, 0.0, 0.0, 0.05, 0.0, 0.0, 0.0, 0.0, 0.12, 0.0, 0.0, 0.0],
 [0.0, 0.0, 0.0, 0.0, 0.0, 0.0, 0.0, 0.0, 0.07, 0.0, 0.08, 0.04, 0.04, 0.18, 0.0, 0.0, 0.0, 0.0, 0.0, 0.0, 0.0, 0.0, 0.0, 0.0, 0.0, 0.0, 0.0],
 [0.0, 0.0, 0.0, 0.1, 0.0, 0.0, 0.0, 0.0, 0.0, 0.06, 0.0, 0.0, 0.0, 0.0, 0.0, 0.0, 0.0, 0.0, 0.0, 0.0, 0.0, 0.12, 0.0, 0.0, 0.0, 0.1, 0.0],
 [0.0, 0.0, 0.0, 0.0, 0.0, 0.0, 0.0, 0.0, 0.0, 0.0, 0.0, 0.0, 0.0, 0.0, 0.12, 0.0, 0.14, 0.0, 0.0, 0.06, 0.05, 0.0, 0.0, 0.0, 0.0, 0.0, 0.0],
 [0.0, 0.0, 0.0, 0.0, 0.0, 0.0, 0.0, 0.0, 0.0, 0.0, 0.0, 0.05, 0.0, 0.11, 0.0, 0.0, 0.0, 0.0, 0.07, 0.0, 0.12, 0.0, 0.0, 0.1, 0.0, 0.0, 0.0],
 [0.0, 0.0, 0.07, 0.0, 0.0, 0.0, 0.0, 0.0, 0.0, 0.0, 0.0, 0.0, 0.0, 0.0, 0.0, 0.0, 0.0, 0.0, 0.0, 0.0, 0.0, 0.0, 0.0, 0.0, 0.0, 0.0, 0.0]
];