// solution (optimal) with objective 696.150011963375
// Quality Incumbent solution:
// MIQCP objective                                6.9615001196e+02
// MIQCP solution norm |x| (Total, Max)           1.48888e+04  1.01610e+02
// MIQCP solution error (Ax=b) (Total, Max)       2.32841e-09  1.81899e-12
// MIQCP solution error (x'Qx+dx=f) (Total, Max)  1.80781e-09  1.64224e-12
// MIQCP x bound error (Total, Max)               0.00000e+00  0.00000e+00
// MIQCP x integrality error (Total, Max)         0.00000e+00  0.00000e+00
// MIQCP slack bound error (Total, Max)           0.00000e+00  0.00000e+00
// MIQCP quad. slack bound error (Total, Max)     9.87741e-06  9.87613e-06
// 

T = [0
         7.55 15.01 27.26 39.68 48.86 53.75 63.85 71.11 84.1 89.31 94.06 101.61
         3.1968e-9];
C = [[0 0 0 0 0 0 0 0 0 0 0 0 0 0]
             [0 0 0 0 0 0 0 0 0 0 0 0 0 0]
             [0 0 0 0 0 0 0 0 0 0 0 0 0 0]
             [0 0 0 0 0 0 0 0 0 0 0 0 0 0]
             [0 0 0 0 0 0 0 0 0 0 0 0 0 0]
             [0 0 0 0 0 0 0 0 0 0 0 0 0 0]
             [0 0 0 0 0 0 0 0 0 0 0 0 0 0]
             [0 0 0 0 0 0 0 0 0 0 0 0 0 0]
             [0 0 0 0 0 0 0 0 0 0 0 0 0 0]
             [0 0 0 0 0 0 0 0 0 0 0 0 0 0]
             [0 0 0 0 0 0 0 0 0 0 0 0 0 0]
             [0 0 0 0 0 0 0 0 0 0 0 0 0 0]
             [0 0 0 0 0 0 0 0 0 0 0 0 0 0]
             [0 0 0 0 0 0 0 0 0 0 0 0 0 0]
             [0 0 0 0 0 0 0 0 0 0 0 0 0 0]
             [0 0 0 0 0 0 0 0 0 0 0 0 0 0]
             [0 0 0 0 0 0 0 0 0 0 0 0 0 0]];
P = [[1 0 0 0 0 0 0 0 0 0 0 0 0 0]
             [0 1 0 0 0 0 0 0 0 0 0 0 0 0]
             [0 0 0 0 0 0 0 0 0 0 0 1 0 0]
             [0 0 0 0 0 0 0 0 1 0 0 0 0 0]
             [0 0 0 0 0 0 0 1 0 0 0 0 0 0]
             [0 0 0 1 0 0 0 0 0 0 0 0 0 0]
             [0 0 0 0 0 0 1 0 0 0 0 0 0 0]
             [0 0 0 0 0 0 0 0 0 0 0 0 0 0]
             [0 0 0 0 0 0 0 0 0 1 0 0 0 0]
             [0 0 1 0 0 0 0 0 0 0 0 0 0 0]
             [0 0 0 0 0 0 0 0 0 0 1 0 0 0]
             [0 0 0 0 0 0 0 0 0 0 0 0 0 0]
             [0 0 0 0 1 0 0 0 0 0 0 0 0 0]
             [0 0 0 0 0 0 0 0 0 0 0 0 0 0]
             [0 0 0 0 0 1 0 0 0 0 0 0 0 0]
             [0 0 0 0 0 0 0 0 0 0 0 0 0 0]
             [0 0 0 0 0 0 0 0 0 0 0 0 1 0]];
Y = [[0 0 0 0 0 0 0 0 0 0 0 0 0 0]
             [0 0 0 0 0 0 0 0 0 0 0 0 0 0]
             [0 0 0 0 0 0 0 0 0 0 0 0 0 0]
             [0 0 0 0 0 0 0 0 0 0 0 0 0 0]
             [0 0 0 0 0 0 0 0 0 0 0 0 0 0]
             [0 0 0 0 0 0 0 0 0 0 0 0 0 0]
             [0 0 0 0 0 0 0 0 0 0 0 0 0 0]
             [0 0 0 0 0 0 0 0 0 0 0 0 0 0]
             [0 0 0 0 0 0 0 0 0 0 0 0 0 0]
             [0 0 0 0 0 0 0 0 0 0 0 0 0 0]
             [0 0 0 0 0 0 0 0 0 0 0 0 0 0]
             [0 0 0 0 0 0 0 0 0 0 0 0 0 0]
             [0 0 0 0 0 0 0 0 0 0 0 0 0 0]
             [0 0 0 0 0 0 0 0 0 0 0 0 0 0]
             [0 0 0 0 0 0 0 0 0 0 0 0 0 0]
             [0 0 0 0 0 0 0 0 0 0 0 0 0 0]
             [0 0 0 0 0 0 0 0 0 0 0 0 0 0]];
E = [[100 20 94.424 95.582 91.576 76.708 69.03 64.307 60.721 57.464 57.072 49.841
             42.739 23.404]
             [100 93.689 95.259 95.156 91.078 76.701 69.012 64.291 60.633 60.271
             57.066 47.74 42.816 23.409]
             [100 91.744 95.116 95.579 91.575 76.7 69.023 64.303 60.63 60.206
             59.072 37.573 40.505 23.124]
             [100 20 20 20 90.304 76.657 71.596 68.966 55.094 53.37 52.072
             49.918 45.127 23.399]
             [100 20 20 20 90.263 79.461 73.737 59.961 56.477 55.475 54.162
             49.856 45.137 23.4]
             [100 20 95.563 78.967 91.023 76.112 70.674 65.855 62.31 59.219
             55.896 51.982 45.073 23.401]
             [100 20 20 20 92.091 79.447 65.023 59.958 58.593 57.616 54.095
             49.855 45.127 23.398]
             [100 20 20 20 92.115 77.287 68.257 63.549 62.385 59.22 55.896
             51.982 45.07 23.4]
             [100 20 20 95.399 91.585 76.698 68.942 66.818 65.407 49.683 49.961
             47.879 45.206 23.4]
             [100 20 84.78 94.948 91.085 76.712 69.022 64.3 60.717 57.545 54.095
             49.855 45.133 23.401]
             [100 20 94.426 95.583 91.574 76.696 69.022 64.218 63.275 62.338
             44.116 45.833 42.881 23.406]
             [100 20 20 20 90.304 76.653 71.659 66.867 61.136 55.41 52.004
             49.921 45.131 23.399]
             [100 20 20 96.337 74.249 75.253 66.702 62.02 60.789 57.545 54.094
             49.855 45.13 23.399]
             [100 20 20 20 91.513 78.421 71.615 66.877 61.085 57.087 53.756
             52.052 45.068 23.399]
             [100 20 20 20 92.995 70.101 64.607 62.09 60.788 57.549 54.096
             49.855 45.124 23.399]
             [100 20 20 95.398 91.583 76.619 71.739 64.211 61.059 60.414 51.924
             47.815 45.208 23.4]
             [100 20 94.427 95.848 91.572 76.709 69.032 64.308 60.722 57.471
             56.913 55.149 27.892 22.941]];
Echarg = [[0 0 0 0 0 0 0 0 0 0 0 0 0 0]
             [0 0 0 0 0 0 0 0 0 0 0 0 0 0]
             [0 0 0 0 0 0 0 0 0 0 0 0 0 0]
             [0 0 0 0 0 0 0 0 0 0 0 0 0 0]
             [0 0 0 0 0 0 0 0 0 0 0 0 0 0]
             [0 0 0 0 0 0 0 0 0 0 0 0 0 0]
             [0 0 0 0 0 0 0 0 0 0 0 0 0 0]
             [0 0 0 0 0 0 0 0 0 0 0 0 0 0]
             [0 0 0 0 0 0 0 0 0 0 0 0 0 0]
             [0 0 0 0 0 0 0 0 0 0 0 0 0 0]
             [0 0 0 0 0 0 0 0 0 0 0 0 0 0]
             [0 0 0 0 0 0 0 0 0 0 0 0 0 0]
             [0 0 0 0 0 0 0 0 0 0 0 0 0 0]
             [0 0 0 0 0 0 0 0 0 0 0 0 0 0]
             [0 0 0 0 0 0 0 0 0 0 0 0 0 0]
             [0 0 0 0 0 0 0 0 0 0 0 0 0 0]
             [0 0 0 0 0 0 0 0 0 0 0 0 0 0]];
B = [[0 0 0 0 0 0 0 0 0 0 0 0 0 0]
             [0 0 0 0 0 0 0 0 0 0 0 0 0 0]
             [0 0 0 0 0 0 0 0 0 0 0 0 0 0]
             [0 0 0 0 0 0 0 0 1 0 0 0 0 0]
             [0 0 0 0 0 0 0 1 0 0 0 0 0 0]
             [0 0 0 0 0 0 0 0 0 0 0 0 0 0]
             [0 0 0 0 0 0 1 0 0 0 0 0 0 0]
             [0 0 0 0 0 0 0 0 0 0 0 0 0 0]
             [0 0 0 0 0 0 0 0 0 0 0 0 0 0]
             [0 0 1 0 0 0 0 0 0 0 0 0 0 0]
             [0 0 0 0 0 0 0 0 0 0 1 0 0 0]
             [0 0 0 0 0 0 0 0 0 0 0 0 0 0]
             [0 0 0 0 0 0 0 0 0 0 0 0 0 0]
             [0 0 0 0 0 0 0 0 0 0 0 0 0 0]
             [0 0 0 0 0 1 0 0 0 0 0 0 0 0]
             [0 0 0 0 0 0 0 0 0 0 0 0 0 0]
             [0 0 0 0 0 0 0 0 0 0 0 0 0 0]];
O = [0 0 1 1 1 2 3 4 5 5 6 6 6 6];
