Initial = 100; // Initial energy level at the depot
Eth = 20;	// Minimum energy level
Cswap = 50;	// Cost of swapping a module
Tswap = 2;	// Time to swap a battery module
M = 5;		// The total number of battery modules

S = 0;		// Sourse of EV
D = 28;		// Destination of EV
G = 10000;  // Large value

Nodes = 28;
Visits = 13;

Station =  [0, 0, 0, 1, 0, 1, 0, 0, 0, 0, 1, 0, 0, 0, 0, 0, 1, 1, 0, 0, 0, 1, 0, 0, 0, 0, 0, 0, 0];
Costumer = [0, 0, 0, 0, 0, 0, 0, 1, 0, 1, 0, 1, 0, 1, 0, 1, 0, 0, 1, 1, 1, 0, 1, 0, 0, 1, 0, 1, 0];

Adj = 	[
 [0, 1, 1, 0, 0, 0, 0, 0, 0, 0, 0, 0, 0, 0, 0, 0, 0, 0, 0, 0, 0, 0, 0, 0, 0, 0, 0, 0, 0],
 [1, 0, 1, 0, 0, 0, 1, 0, 0, 0, 0, 0, 1, 0, 0, 0, 0, 0, 0, 0, 1, 0, 0, 0, 0, 0, 0, 0, 0],
 [1, 1, 0, 1, 0, 0, 0, 0, 0, 1, 0, 0, 1, 0, 0, 0, 0, 0, 0, 0, 0, 0, 0, 0, 0, 0, 0, 0, 1],
 [0, 0, 1, 0, 0, 0, 0, 0, 0, 1, 1, 0, 1, 0, 0, 0, 0, 0, 0, 0, 0, 0, 0, 0, 0, 0, 0, 0, 0],
 [0, 0, 0, 0, 0, 0, 0, 0, 1, 0, 1, 0, 0, 0, 1, 0, 0, 0, 0, 0, 0, 1, 0, 0, 0, 0, 1, 0, 0],
 [0, 0, 0, 0, 0, 0, 0, 0, 1, 0, 0, 1, 0, 1, 0, 0, 0, 0, 0, 0, 0, 0, 0, 1, 0, 0, 0, 1, 0],
 [0, 1, 0, 0, 0, 0, 0, 0, 0, 0, 0, 0, 0, 0, 0, 0, 0, 0, 0, 0, 1, 0, 1, 0, 0, 0, 0, 0, 0],
 [0, 0, 0, 0, 0, 0, 0, 0, 0, 1, 0, 0, 0, 0, 0, 0, 0, 0, 1, 0, 0, 1, 0, 0, 1, 0, 0, 0, 0],
 [0, 0, 0, 0, 1, 1, 0, 0, 0, 0, 0, 1, 0, 0, 0, 0, 0, 0, 0, 0, 0, 0, 0, 0, 0, 1, 0, 1, 0],
 [0, 0, 1, 1, 0, 0, 0, 1, 0, 0, 1, 0, 0, 0, 0, 0, 0, 0, 0, 0, 0, 1, 0, 0, 0, 0, 0, 0, 0],
 [0, 0, 0, 1, 1, 0, 0, 0, 0, 1, 0, 0, 0, 0, 0, 0, 0, 0, 0, 0, 0, 0, 0, 0, 0, 0, 1, 0, 0],
 [0, 0, 0, 0, 0, 1, 0, 0, 1, 0, 0, 0, 0, 1, 0, 0, 0, 0, 0, 1, 0, 0, 0, 0, 0, 0, 0, 0, 0],
 [0, 1, 1, 1, 0, 0, 0, 0, 0, 0, 0, 0, 0, 0, 0, 0, 0, 0, 0, 0, 0, 0, 0, 0, 0, 0, 0, 0, 0],
 [0, 0, 0, 0, 0, 1, 0, 0, 0, 0, 0, 1, 0, 0, 0, 0, 0, 0, 1, 0, 0, 0, 0, 1, 0, 0, 0, 1, 0],
 [0, 0, 0, 0, 1, 0, 0, 0, 0, 0, 0, 0, 0, 0, 0, 1, 0, 1, 0, 0, 0, 0, 0, 0, 0, 1, 1, 0, 0],
 [0, 0, 0, 0, 0, 0, 0, 0, 0, 0, 0, 0, 0, 0, 1, 0, 1, 1, 0, 1, 0, 0, 0, 0, 0, 1, 0, 0, 0],
 [0, 0, 0, 0, 0, 0, 0, 0, 0, 0, 0, 0, 0, 0, 0, 1, 0, 1, 0, 1, 0, 0, 0, 0, 0, 1, 0, 0, 0],
 [0, 0, 0, 0, 0, 0, 0, 0, 0, 0, 0, 0, 0, 0, 1, 1, 1, 0, 0, 0, 1, 0, 0, 0, 0, 0, 0, 0, 0],
 [0, 0, 0, 0, 0, 0, 0, 1, 0, 0, 0, 0, 0, 1, 0, 0, 0, 0, 0, 0, 0, 1, 0, 0, 1, 0, 0, 1, 0],
 [0, 0, 0, 0, 0, 0, 0, 0, 0, 0, 0, 1, 0, 0, 0, 1, 1, 0, 0, 0, 0, 0, 0, 1, 0, 1, 0, 0, 0],
 [0, 1, 0, 0, 0, 0, 1, 0, 0, 0, 0, 0, 0, 0, 0, 0, 0, 1, 0, 0, 0, 0, 1, 0, 0, 0, 0, 0, 0],
 [0, 0, 0, 0, 1, 0, 0, 1, 0, 1, 0, 0, 0, 0, 0, 0, 0, 0, 1, 0, 0, 0, 0, 0, 1, 0, 0, 0, 0],
 [0, 0, 0, 0, 0, 0, 1, 0, 0, 0, 0, 0, 0, 0, 0, 0, 0, 0, 0, 0, 1, 0, 0, 0, 0, 0, 1, 0, 0],
 [0, 0, 0, 0, 0, 1, 0, 0, 0, 0, 0, 0, 0, 1, 0, 0, 0, 0, 0, 1, 0, 0, 0, 0, 0, 0, 0, 1, 0],
 [0, 0, 0, 0, 0, 0, 0, 1, 0, 0, 0, 0, 0, 0, 0, 0, 0, 0, 1, 0, 0, 1, 0, 0, 0, 0, 0, 0, 0],
 [0, 0, 0, 0, 0, 0, 0, 0, 1, 0, 0, 0, 0, 0, 1, 1, 1, 0, 0, 1, 0, 0, 0, 0, 0, 0, 0, 0, 0],
 [0, 0, 0, 0, 1, 0, 0, 0, 0, 0, 1, 0, 0, 0, 1, 0, 0, 0, 0, 0, 0, 0, 1, 0, 0, 0, 0, 0, 0],
 [0, 0, 0, 0, 0, 1, 0, 0, 1, 0, 0, 0, 0, 1, 0, 0, 0, 0, 1, 0, 0, 0, 0, 1, 0, 0, 0, 0, 0],
 [0, 0, 1, 0, 0, 0, 0, 0, 0, 0, 0, 0, 0, 0, 0, 0, 0, 0, 0, 0, 0, 0, 0, 0, 0, 0, 0, 0, 0]
];

Trav =	[
 [0.00, 9.05, 9.05, 0.00, 0.00, 0.00, 0.00, 0.00, 0.00, 0.00, 0.00, 0.00, 0.00, 0.00, 0.00, 0.00, 0.00, 0.00, 0.00, 0.00, 0.00, 0.00, 0.00, 0.00, 0.00, 0.00, 0.00, 0.00, 0.00],
 [9.05, 0.00, 14.65, 0.00, 0.00, 0.00, 7.42, 0.00, 0.00, 0.00, 0.00, 0.00, 8.52, 0.00, 0.00, 0.00, 0.00, 0.00, 0.00, 0.00, 5.10, 0.00, 0.00, 0.00, 0.00, 0.00, 0.00, 0.00, 0.00],
 [9.05, 14.65, 0.00, 9.20, 0.00, 0.00, 0.00, 0.00, 0.00, 8.31, 0.00, 0.00, 7.83, 0.00, 0.00, 0.00, 0.00, 0.00, 0.00, 0.00, 0.00, 0.00, 0.00, 0.00, 0.00, 0.00, 0.00, 0.00, 9.05],
 [0.00, 0.00, 9.20, 0.00, 0.00, 0.00, 0.00, 0.00, 0.00, 7.59, 10.34, 0.00, 10.37, 0.00, 0.00, 0.00, 0.00, 0.00, 0.00, 0.00, 0.00, 0.00, 0.00, 0.00, 0.00, 0.00, 0.00, 0.00, 0.00],
 [0.00, 0.00, 0.00, 0.00, 0.00, 0.00, 0.00, 0.00, 4.94, 0.00, 4.76, 0.00, 0.00, 0.00, 9.45, 0.00, 0.00, 0.00, 0.00, 0.00, 0.00, 8.18, 0.00, 0.00, 0.00, 0.00, 10.59, 0.00, 0.00],
 [0.00, 0.00, 0.00, 0.00, 0.00, 0.00, 0.00, 0.00, 7.76, 0.00, 0.00, 4.77, 0.00, 9.03, 0.00, 0.00, 0.00, 0.00, 0.00, 0.00, 0.00, 0.00, 0.00, 4.47, 0.00, 0.00, 0.00, 12.09, 0.00],
 [0.00, 7.42, 0.00, 0.00, 0.00, 0.00, 0.00, 0.00, 0.00, 0.00, 0.00, 0.00, 0.00, 0.00, 0.00, 0.00, 0.00, 0.00, 0.00, 0.00, 5.34, 0.00, 4.72, 0.00, 0.00, 0.00, 0.00, 0.00, 0.00],
 [0.00, 0.00, 0.00, 0.00, 0.00, 0.00, 0.00, 0.00, 0.00, 9.65, 0.00, 0.00, 0.00, 0.00, 0.00, 0.00, 0.00, 0.00, 7.58, 0.00, 0.00, 12.02, 0.00, 0.00, 5.86, 0.00, 0.00, 0.00, 0.00],
 [0.00, 0.00, 0.00, 0.00, 4.94, 7.76, 0.00, 0.00, 0.00, 0.00, 0.00, 9.95, 0.00, 0.00, 0.00, 0.00, 0.00, 0.00, 0.00, 0.00, 0.00, 0.00, 0.00, 0.00, 0.00, 8.38, 0.00, 7.74, 0.00],
 [0.00, 0.00, 8.31, 7.59, 0.00, 0.00, 0.00, 9.65, 0.00, 0.00, 4.85, 0.00, 0.00, 0.00, 0.00, 0.00, 0.00, 0.00, 0.00, 0.00, 0.00, 10.40, 0.00, 0.00, 0.00, 0.00, 0.00, 0.00, 0.00],
 [0.00, 0.00, 0.00, 10.34, 4.76, 0.00, 0.00, 0.00, 0.00, 4.85, 0.00, 0.00, 0.00, 0.00, 0.00, 0.00, 0.00, 0.00, 0.00, 0.00, 0.00, 0.00, 0.00, 0.00, 0.00, 0.00, 10.60, 0.00, 0.00],
 [0.00, 0.00, 0.00, 0.00, 0.00, 4.77, 0.00, 0.00, 9.95, 0.00, 0.00, 0.00, 0.00, 9.12, 0.00, 0.00, 0.00, 0.00, 0.00, 4.79, 0.00, 0.00, 0.00, 0.00, 0.00, 0.00, 0.00, 0.00, 0.00],
 [0.00, 8.52, 7.83, 10.37, 0.00, 0.00, 0.00, 0.00, 0.00, 0.00, 0.00, 0.00, 0.00, 0.00, 0.00, 0.00, 0.00, 0.00, 0.00, 0.00, 0.00, 0.00, 0.00, 0.00, 0.00, 0.00, 0.00, 0.00, 0.00],
 [0.00, 0.00, 0.00, 0.00, 0.00, 9.03, 0.00, 0.00, 0.00, 0.00, 0.00, 9.12, 0.00, 0.00, 0.00, 0.00, 0.00, 0.00, 4.59, 0.00, 0.00, 0.00, 0.00, 8.94, 0.00, 0.00, 0.00, 3.80, 0.00],
 [0.00, 0.00, 0.00, 0.00, 9.45, 0.00, 0.00, 0.00, 0.00, 0.00, 0.00, 0.00, 0.00, 0.00, 0.00, 6.13, 0.00, 6.19, 0.00, 0.00, 0.00, 0.00, 0.00, 0.00, 0.00, 5.76, 11.97, 0.00, 0.00],
 [0.00, 0.00, 0.00, 0.00, 0.00, 0.00, 0.00, 0.00, 0.00, 0.00, 0.00, 0.00, 0.00, 0.00, 6.13, 0.00, 10.64, 9.57, 0.00, 6.09, 0.00, 0.00, 0.00, 0.00, 0.00, 12.45, 0.00, 0.00, 0.00],
 [0.00, 0.00, 0.00, 0.00, 0.00, 0.00, 0.00, 0.00, 0.00, 0.00, 0.00, 0.00, 0.00, 0.00, 0.00, 10.64, 0.00, 5.70, 0.00, 5.49, 0.00, 0.00, 0.00, 0.00, 0.00, 5.27, 0.00, 0.00, 0.00],
 [0.00, 0.00, 0.00, 0.00, 0.00, 0.00, 0.00, 0.00, 0.00, 0.00, 0.00, 0.00, 0.00, 0.00, 6.19, 9.57, 5.70, 0.00, 0.00, 0.00, 5.90, 0.00, 0.00, 0.00, 0.00, 0.00, 0.00, 0.00, 0.00],
 [0.00, 0.00, 0.00, 0.00, 0.00, 0.00, 0.00, 7.58, 0.00, 0.00, 0.00, 0.00, 0.00, 4.59, 0.00, 0.00, 0.00, 0.00, 0.00, 0.00, 0.00, 7.57, 0.00, 0.00, 8.05, 0.00, 0.00, 4.88, 0.00],
 [0.00, 0.00, 0.00, 0.00, 0.00, 0.00, 0.00, 0.00, 0.00, 0.00, 0.00, 4.79, 0.00, 0.00, 0.00, 6.09, 5.49, 0.00, 0.00, 0.00, 0.00, 0.00, 0.00, 6.55, 0.00, 7.59, 0.00, 0.00, 0.00],
 [0.00, 5.10, 0.00, 0.00, 0.00, 0.00, 5.34, 0.00, 0.00, 0.00, 0.00, 0.00, 0.00, 0.00, 0.00, 0.00, 0.00, 5.90, 0.00, 0.00, 0.00, 0.00, 4.47, 0.00, 0.00, 0.00, 0.00, 0.00, 0.00],
 [0.00, 0.00, 0.00, 0.00, 8.18, 0.00, 0.00, 12.02, 0.00, 10.40, 0.00, 0.00, 0.00, 0.00, 0.00, 0.00, 0.00, 0.00, 7.57, 0.00, 0.00, 0.00, 0.00, 0.00, 7.94, 0.00, 0.00, 0.00, 0.00],
 [0.00, 0.00, 0.00, 0.00, 0.00, 0.00, 4.72, 0.00, 0.00, 0.00, 0.00, 0.00, 0.00, 0.00, 0.00, 0.00, 0.00, 0.00, 0.00, 0.00, 4.47, 0.00, 0.00, 0.00, 0.00, 0.00, 8.69, 0.00, 0.00],
 [0.00, 0.00, 0.00, 0.00, 0.00, 4.47, 0.00, 0.00, 0.00, 0.00, 0.00, 0.00, 0.00, 8.94, 0.00, 0.00, 0.00, 0.00, 0.00, 6.55, 0.00, 0.00, 0.00, 0.00, 0.00, 0.00, 0.00, 11.69, 0.00],
 [0.00, 0.00, 0.00, 0.00, 0.00, 0.00, 0.00, 5.86, 0.00, 0.00, 0.00, 0.00, 0.00, 0.00, 0.00, 0.00, 0.00, 0.00, 8.05, 0.00, 0.00, 7.94, 0.00, 0.00, 0.00, 0.00, 0.00, 0.00, 0.00],
 [0.00, 0.00, 0.00, 0.00, 0.00, 0.00, 0.00, 0.00, 8.38, 0.00, 0.00, 0.00, 0.00, 0.00, 5.76, 12.45, 5.27, 0.00, 0.00, 7.59, 0.00, 0.00, 0.00, 0.00, 0.00, 0.00, 0.00, 0.00, 0.00],
 [0.00, 0.00, 0.00, 0.00, 10.59, 0.00, 0.00, 0.00, 0.00, 0.00, 10.60, 0.00, 0.00, 0.00, 11.97, 0.00, 0.00, 0.00, 0.00, 0.00, 0.00, 0.00, 8.69, 0.00, 0.00, 0.00, 0.00, 0.00, 0.00],
 [0.00, 0.00, 0.00, 0.00, 0.00, 12.09, 0.00, 0.00, 7.74, 0.00, 0.00, 0.00, 0.00, 3.80, 0.00, 0.00, 0.00, 0.00, 4.88, 0.00, 0.00, 0.00, 0.00, 11.69, 0.00, 0.00, 0.00, 0.00, 0.00],
 [0.00, 0.00, 9.05, 0.00, 0.00, 0.00, 0.00, 0.00, 0.00, 0.00, 0.00, 0.00, 0.00, 0.00, 0.00, 0.00, 0.00, 0.00, 0.00, 0.00, 0.00, 0.00, 0.00, 0.00, 0.00, 0.00, 0.00, 0.00, 0.00]
];

Edep =	[
 [0.00, 0.84, 0.84, 0.00, 0.00, 0.00, 0.00, 0.00, 0.00, 0.00, 0.00, 0.00, 0.00, 0.00, 0.00, 0.00, 0.00, 0.00, 0.00, 0.00, 0.00, 0.00, 0.00, 0.00, 0.00, 0.00, 0.00, 0.00, 0.00],
 [0.84, 0.00, 0.86, 0.00, 0.00, 0.00, 0.78, 0.00, 0.00, 0.00, 0.00, 0.00, 0.71, 0.00, 0.00, 0.00, 0.00, 0.00, 0.00, 0.00, 0.40, 0.00, 0.00, 0.00, 0.00, 0.00, 0.00, 0.00, 0.00],
 [0.84, 0.86, 0.00, 0.82, 0.00, 0.00, 0.00, 0.00, 0.00, 0.79, 0.00, 0.00, 0.53, 0.00, 0.00, 0.00, 0.00, 0.00, 0.00, 0.00, 0.00, 0.00, 0.00, 0.00, 0.00, 0.00, 0.00, 0.00, 0.84],
 [0.00, 0.00, 0.82, 0.00, 0.00, 0.00, 0.00, 0.00, 0.00, 0.63, 0.62, 0.00, 0.88, 0.00, 0.00, 0.00, 0.00, 0.00, 0.00, 0.00, 0.00, 0.00, 0.00, 0.00, 0.00, 0.00, 0.00, 0.00, 0.00],
 [0.00, 0.00, 0.00, 0.00, 0.00, 0.00, 0.00, 0.00, 0.43, 0.00, 0.45, 0.00, 0.00, 0.00, 0.92, 0.00, 0.00, 0.00, 0.00, 0.00, 0.00, 0.62, 0.00, 0.00, 0.00, 0.00, 0.93, 0.00, 0.00],
 [0.00, 0.00, 0.00, 0.00, 0.00, 0.00, 0.00, 0.00, 0.77, 0.00, 0.00, 0.38, 0.00, 0.79, 0.00, 0.00, 0.00, 0.00, 0.00, 0.00, 0.00, 0.00, 0.00, 0.41, 0.00, 0.00, 0.00, 0.74, 0.00],
 [0.00, 0.78, 0.00, 0.00, 0.00, 0.00, 0.00, 0.00, 0.00, 0.00, 0.00, 0.00, 0.00, 0.00, 0.00, 0.00, 0.00, 0.00, 0.00, 0.00, 0.41, 0.00, 1.04, 0.00, 0.00, 0.00, 0.00, 0.00, 0.00],
 [0.00, 0.00, 0.00, 0.00, 0.00, 0.00, 0.00, 0.00, 0.00, 0.64, 0.00, 0.00, 0.00, 0.00, 0.00, 0.00, 0.00, 0.00, 0.77, 0.00, 0.00, 0.76, 0.00, 0.00, 0.43, 0.00, 0.00, 0.00, 0.00],
 [0.00, 0.00, 0.00, 0.00, 0.43, 0.77, 0.00, 0.00, 0.00, 0.00, 0.00, 0.70, 0.00, 0.00, 0.00, 0.00, 0.00, 0.00, 0.00, 0.00, 0.00, 0.00, 0.00, 0.00, 0.00, 0.59, 0.00, 0.69, 0.00],
 [0.00, 0.00, 0.79, 0.63, 0.00, 0.00, 0.00, 0.64, 0.00, 0.00, 0.37, 0.00, 0.00, 0.00, 0.00, 0.00, 0.00, 0.00, 0.00, 0.00, 0.00, 0.99, 0.00, 0.00, 0.00, 0.00, 0.00, 0.00, 0.00],
 [0.00, 0.00, 0.00, 0.62, 0.45, 0.00, 0.00, 0.00, 0.00, 0.37, 0.00, 0.00, 0.00, 0.00, 0.00, 0.00, 0.00, 0.00, 0.00, 0.00, 0.00, 0.00, 0.00, 0.00, 0.00, 0.00, 0.76, 0.00, 0.00],
 [0.00, 0.00, 0.00, 0.00, 0.00, 0.38, 0.00, 0.00, 0.70, 0.00, 0.00, 0.00, 0.00, 0.69, 0.00, 0.00, 0.00, 0.00, 0.00, 0.39, 0.00, 0.00, 0.00, 0.00, 0.00, 0.00, 0.00, 0.00, 0.00],
 [0.00, 0.71, 0.53, 0.88, 0.00, 0.00, 0.00, 0.00, 0.00, 0.00, 0.00, 0.00, 0.00, 0.00, 0.00, 0.00, 0.00, 0.00, 0.00, 0.00, 0.00, 0.00, 0.00, 0.00, 0.00, 0.00, 0.00, 0.00, 0.00],
 [0.00, 0.00, 0.00, 0.00, 0.00, 0.79, 0.00, 0.00, 0.00, 0.00, 0.00, 0.69, 0.00, 0.00, 0.00, 0.00, 0.00, 0.00, 0.36, 0.00, 0.00, 0.00, 0.00, 0.62, 0.00, 0.00, 0.00, 0.40, 0.00],
 [0.00, 0.00, 0.00, 0.00, 0.92, 0.00, 0.00, 0.00, 0.00, 0.00, 0.00, 0.00, 0.00, 0.00, 0.00, 0.39, 0.00, 0.50, 0.00, 0.00, 0.00, 0.00, 0.00, 0.00, 0.00, 0.58, 0.90, 0.00, 0.00],
 [0.00, 0.00, 0.00, 0.00, 0.00, 0.00, 0.00, 0.00, 0.00, 0.00, 0.00, 0.00, 0.00, 0.00, 0.39, 0.00, 0.67, 0.94, 0.00, 0.40, 0.00, 0.00, 0.00, 0.00, 0.00, 0.95, 0.00, 0.00, 0.00],
 [0.00, 0.00, 0.00, 0.00, 0.00, 0.00, 0.00, 0.00, 0.00, 0.00, 0.00, 0.00, 0.00, 0.00, 0.00, 0.67, 0.00, 0.39, 0.00, 0.52, 0.00, 0.00, 0.00, 0.00, 0.00, 0.35, 0.00, 0.00, 0.00],
 [0.00, 0.00, 0.00, 0.00, 0.00, 0.00, 0.00, 0.00, 0.00, 0.00, 0.00, 0.00, 0.00, 0.00, 0.50, 0.94, 0.39, 0.00, 0.00, 0.00, 0.57, 0.00, 0.00, 0.00, 0.00, 0.00, 0.00, 0.00, 0.00],
 [0.00, 0.00, 0.00, 0.00, 0.00, 0.00, 0.00, 0.77, 0.00, 0.00, 0.00, 0.00, 0.00, 0.36, 0.00, 0.00, 0.00, 0.00, 0.00, 0.00, 0.00, 0.44, 0.00, 0.00, 0.66, 0.00, 0.00, 0.52, 0.00],
 [0.00, 0.00, 0.00, 0.00, 0.00, 0.00, 0.00, 0.00, 0.00, 0.00, 0.00, 0.39, 0.00, 0.00, 0.00, 0.40, 0.52, 0.00, 0.00, 0.00, 0.00, 0.00, 0.00, 0.51, 0.00, 0.49, 0.00, 0.00, 0.00],
 [0.00, 0.40, 0.00, 0.00, 0.00, 0.00, 0.41, 0.00, 0.00, 0.00, 0.00, 0.00, 0.00, 0.00, 0.00, 0.00, 0.00, 0.57, 0.00, 0.00, 0.00, 0.00, 0.46, 0.00, 0.00, 0.00, 0.00, 0.00, 0.00],
 [0.00, 0.00, 0.00, 0.00, 0.62, 0.00, 0.00, 0.76, 0.00, 0.99, 0.00, 0.00, 0.00, 0.00, 0.00, 0.00, 0.00, 0.00, 0.44, 0.00, 0.00, 0.00, 0.00, 0.00, 0.63, 0.00, 0.00, 0.00, 0.00],
 [0.00, 0.00, 0.00, 0.00, 0.00, 0.00, 1.04, 0.00, 0.00, 0.00, 0.00, 0.00, 0.00, 0.00, 0.00, 0.00, 0.00, 0.00, 0.00, 0.00, 0.46, 0.00, 0.00, 0.00, 0.00, 0.00, 0.59, 0.00, 0.00],
 [0.00, 0.00, 0.00, 0.00, 0.00, 0.41, 0.00, 0.00, 0.00, 0.00, 0.00, 0.00, 0.00, 0.62, 0.00, 0.00, 0.00, 0.00, 0.00, 0.51, 0.00, 0.00, 0.00, 0.00, 0.00, 0.00, 0.00, 0.67, 0.00],
 [0.00, 0.00, 0.00, 0.00, 0.00, 0.00, 0.00, 0.43, 0.00, 0.00, 0.00, 0.00, 0.00, 0.00, 0.00, 0.00, 0.00, 0.00, 0.66, 0.00, 0.00, 0.63, 0.00, 0.00, 0.00, 0.00, 0.00, 0.00, 0.00],
 [0.00, 0.00, 0.00, 0.00, 0.00, 0.00, 0.00, 0.00, 0.59, 0.00, 0.00, 0.00, 0.00, 0.00, 0.58, 0.95, 0.35, 0.00, 0.00, 0.49, 0.00, 0.00, 0.00, 0.00, 0.00, 0.00, 0.00, 0.00, 0.00],
 [0.00, 0.00, 0.00, 0.00, 0.93, 0.00, 0.00, 0.00, 0.00, 0.00, 0.76, 0.00, 0.00, 0.00, 0.90, 0.00, 0.00, 0.00, 0.00, 0.00, 0.00, 0.00, 0.59, 0.00, 0.00, 0.00, 0.00, 0.00, 0.00],
 [0.00, 0.00, 0.00, 0.00, 0.00, 0.74, 0.00, 0.00, 0.69, 0.00, 0.00, 0.00, 0.00, 0.40, 0.00, 0.00, 0.00, 0.00, 0.52, 0.00, 0.00, 0.00, 0.00, 0.67, 0.00, 0.00, 0.00, 0.00, 0.00],
 [0.00, 0.00, 0.84, 0.00, 0.00, 0.00, 0.00, 0.00, 0.00, 0.00, 0.00, 0.00, 0.00, 0.00, 0.00, 0.00, 0.00, 0.00, 0.00, 0.00, 0.00, 0.00, 0.00, 0.00, 0.00, 0.00, 0.00, 0.00, 0.00]
];

Ebox =	[
 [0.00, 0.14, 0.14, 0.00, 0.00, 0.00, 0.00, 0.00, 0.00, 0.00, 0.00, 0.00, 0.00, 0.00, 0.00, 0.00, 0.00, 0.00, 0.00, 0.00, 0.00, 0.00, 0.00, 0.00, 0.00, 0.00, 0.00, 0.00, 0.00],
 [0.14, 0.00, 0.07, 0.00, 0.00, 0.00, 0.15, 0.00, 0.00, 0.00, 0.00, 0.00, 0.10, 0.00, 0.00, 0.00, 0.00, 0.00, 0.00, 0.00, 0.05, 0.00, 0.00, 0.00, 0.00, 0.00, 0.00, 0.00, 0.00],
 [0.14, 0.07, 0.00, 0.12, 0.00, 0.00, 0.00, 0.00, 0.00, 0.13, 0.00, 0.00, 0.06, 0.00, 0.00, 0.00, 0.00, 0.00, 0.00, 0.00, 0.00, 0.00, 0.00, 0.00, 0.00, 0.00, 0.00, 0.00, 0.14],
 [0.00, 0.00, 0.12, 0.00, 0.00, 0.00, 0.00, 0.00, 0.00, 0.09, 0.05, 0.00, 0.13, 0.00, 0.00, 0.00, 0.00, 0.00, 0.00, 0.00, 0.00, 0.00, 0.00, 0.00, 0.00, 0.00, 0.00, 0.00, 0.00],
 [0.00, 0.00, 0.00, 0.00, 0.00, 0.00, 0.00, 0.00, 0.06, 0.00, 0.07, 0.00, 0.00, 0.00, 0.16, 0.00, 0.00, 0.00, 0.00, 0.00, 0.00, 0.08, 0.00, 0.00, 0.00, 0.00, 0.14, 0.00, 0.00],
 [0.00, 0.00, 0.00, 0.00, 0.00, 0.00, 0.00, 0.00, 0.14, 0.00, 0.00, 0.05, 0.00, 0.12, 0.00, 0.00, 0.00, 0.00, 0.00, 0.00, 0.00, 0.00, 0.00, 0.07, 0.00, 0.00, 0.00, 0.07, 0.00],
 [0.00, 0.15, 0.00, 0.00, 0.00, 0.00, 0.00, 0.00, 0.00, 0.00, 0.00, 0.00, 0.00, 0.00, 0.00, 0.00, 0.00, 0.00, 0.00, 0.00, 0.05, 0.00, 0.13, 0.00, 0.00, 0.00, 0.00, 0.00, 0.00],
 [0.00, 0.00, 0.00, 0.00, 0.00, 0.00, 0.00, 0.00, 0.00, 0.07, 0.00, 0.00, 0.00, 0.00, 0.00, 0.00, 0.00, 0.00, 0.14, 0.00, 0.00, 0.07, 0.00, 0.00, 0.05, 0.00, 0.00, 0.00, 0.00],
 [0.00, 0.00, 0.00, 0.00, 0.06, 0.14, 0.00, 0.00, 0.00, 0.00, 0.00, 0.08, 0.00, 0.00, 0.00, 0.00, 0.00, 0.00, 0.00, 0.00, 0.00, 0.00, 0.00, 0.00, 0.00, 0.06, 0.00, 0.10, 0.00],
 [0.00, 0.00, 0.13, 0.09, 0.00, 0.00, 0.00, 0.07, 0.00, 0.00, 0.05, 0.00, 0.00, 0.00, 0.00, 0.00, 0.00, 0.00, 0.00, 0.00, 0.00, 0.17, 0.00, 0.00, 0.00, 0.00, 0.00, 0.00, 0.00],
 [0.00, 0.00, 0.00, 0.05, 0.07, 0.00, 0.00, 0.00, 0.00, 0.05, 0.00, 0.00, 0.00, 0.00, 0.00, 0.00, 0.00, 0.00, 0.00, 0.00, 0.00, 0.00, 0.00, 0.00, 0.00, 0.00, 0.09, 0.00, 0.00],
 [0.00, 0.00, 0.00, 0.00, 0.00, 0.05, 0.00, 0.00, 0.08, 0.00, 0.00, 0.00, 0.00, 0.09, 0.00, 0.00, 0.00, 0.00, 0.00, 0.05, 0.00, 0.00, 0.00, 0.00, 0.00, 0.00, 0.00, 0.00, 0.00],
 [0.00, 0.10, 0.06, 0.13, 0.00, 0.00, 0.00, 0.00, 0.00, 0.00, 0.00, 0.00, 0.00, 0.00, 0.00, 0.00, 0.00, 0.00, 0.00, 0.00, 0.00, 0.00, 0.00, 0.00, 0.00, 0.00, 0.00, 0.00, 0.00],
 [0.00, 0.00, 0.00, 0.00, 0.00, 0.12, 0.00, 0.00, 0.00, 0.00, 0.00, 0.09, 0.00, 0.00, 0.00, 0.00, 0.00, 0.00, 0.05, 0.00, 0.00, 0.00, 0.00, 0.07, 0.00, 0.00, 0.00, 0.07, 0.00],
 [0.00, 0.00, 0.00, 0.00, 0.16, 0.00, 0.00, 0.00, 0.00, 0.00, 0.00, 0.00, 0.00, 0.00, 0.00, 0.04, 0.00, 0.07, 0.00, 0.00, 0.00, 0.00, 0.00, 0.00, 0.00, 0.10, 0.11, 0.00, 0.00],
 [0.00, 0.00, 0.00, 0.00, 0.00, 0.00, 0.00, 0.00, 0.00, 0.00, 0.00, 0.00, 0.00, 0.00, 0.04, 0.00, 0.06, 0.16, 0.00, 0.04, 0.00, 0.00, 0.00, 0.00, 0.00, 0.12, 0.00, 0.00, 0.00],
 [0.00, 0.00, 0.00, 0.00, 0.00, 0.00, 0.00, 0.00, 0.00, 0.00, 0.00, 0.00, 0.00, 0.00, 0.00, 0.06, 0.00, 0.04, 0.00, 0.08, 0.00, 0.00, 0.00, 0.00, 0.00, 0.04, 0.00, 0.00, 0.00],
 [0.00, 0.00, 0.00, 0.00, 0.00, 0.00, 0.00, 0.00, 0.00, 0.00, 0.00, 0.00, 0.00, 0.00, 0.07, 0.16, 0.04, 0.00, 0.00, 0.00, 0.10, 0.00, 0.00, 0.00, 0.00, 0.00, 0.00, 0.00, 0.00],
 [0.00, 0.00, 0.00, 0.00, 0.00, 0.00, 0.00, 0.14, 0.00, 0.00, 0.00, 0.00, 0.00, 0.05, 0.00, 0.00, 0.00, 0.00, 0.00, 0.00, 0.00, 0.04, 0.00, 0.00, 0.09, 0.00, 0.00, 0.10, 0.00],
 [0.00, 0.00, 0.00, 0.00, 0.00, 0.00, 0.00, 0.00, 0.00, 0.00, 0.00, 0.05, 0.00, 0.00, 0.00, 0.04, 0.08, 0.00, 0.00, 0.00, 0.00, 0.00, 0.00, 0.07, 0.00, 0.05, 0.00, 0.00, 0.00],
 [0.00, 0.05, 0.00, 0.00, 0.00, 0.00, 0.05, 0.00, 0.00, 0.00, 0.00, 0.00, 0.00, 0.00, 0.00, 0.00, 0.00, 0.10, 0.00, 0.00, 0.00, 0.00, 0.08, 0.00, 0.00, 0.00, 0.00, 0.00, 0.00],
 [0.00, 0.00, 0.00, 0.00, 0.08, 0.00, 0.00, 0.07, 0.00, 0.17, 0.00, 0.00, 0.00, 0.00, 0.00, 0.00, 0.00, 0.00, 0.04, 0.00, 0.00, 0.00, 0.00, 0.00, 0.08, 0.00, 0.00, 0.00, 0.00],
 [0.00, 0.00, 0.00, 0.00, 0.00, 0.00, 0.13, 0.00, 0.00, 0.00, 0.00, 0.00, 0.00, 0.00, 0.00, 0.00, 0.00, 0.00, 0.00, 0.00, 0.08, 0.00, 0.00, 0.00, 0.00, 0.00, 0.06, 0.00, 0.00],
 [0.00, 0.00, 0.00, 0.00, 0.00, 0.07, 0.00, 0.00, 0.00, 0.00, 0.00, 0.00, 0.00, 0.07, 0.00, 0.00, 0.00, 0.00, 0.00, 0.07, 0.00, 0.00, 0.00, 0.00, 0.00, 0.00, 0.00, 0.06, 0.00],
 [0.00, 0.00, 0.00, 0.00, 0.00, 0.00, 0.00, 0.05, 0.00, 0.00, 0.00, 0.00, 0.00, 0.00, 0.00, 0.00, 0.00, 0.00, 0.09, 0.00, 0.00, 0.08, 0.00, 0.00, 0.00, 0.00, 0.00, 0.00, 0.00],
 [0.00, 0.00, 0.00, 0.00, 0.00, 0.00, 0.00, 0.00, 0.06, 0.00, 0.00, 0.00, 0.00, 0.00, 0.10, 0.12, 0.04, 0.00, 0.00, 0.05, 0.00, 0.00, 0.00, 0.00, 0.00, 0.00, 0.00, 0.00, 0.00],
 [0.00, 0.00, 0.00, 0.00, 0.14, 0.00, 0.00, 0.00, 0.00, 0.00, 0.09, 0.00, 0.00, 0.00, 0.11, 0.00, 0.00, 0.00, 0.00, 0.00, 0.00, 0.00, 0.06, 0.00, 0.00, 0.00, 0.00, 0.00, 0.00],
 [0.00, 0.00, 0.00, 0.00, 0.00, 0.07, 0.00, 0.00, 0.10, 0.00, 0.00, 0.00, 0.00, 0.07, 0.00, 0.00, 0.00, 0.00, 0.10, 0.00, 0.00, 0.00, 0.00, 0.06, 0.00, 0.00, 0.00, 0.00, 0.00],
 [0.00, 0.00, 0.14, 0.00, 0.00, 0.00, 0.00, 0.00, 0.00, 0.00, 0.00, 0.00, 0.00, 0.00, 0.00, 0.00, 0.00, 0.00, 0.00, 0.00, 0.00, 0.00, 0.00, 0.00, 0.00, 0.00, 0.00, 0.00, 0.00]
];

Distance = [
 [0.0, 6.79, 6.79, 0.0, 0.0, 0.0, 0.0, 0.0, 0.0, 0.0, 0.0, 0.0, 0.0, 0.0, 0.0, 0.0, 0.0, 0.0, 0.0, 0.0, 0.0, 0.0, 0.0, 0.0, 0.0, 0.0, 0.0, 0.0, 0.0],
 [6.79, 0.0, 7.57, 0.0, 0.0, 0.0, 6.12, 0.0, 0.0, 0.0, 0.0, 0.0, 5.89, 0.0, 0.0, 0.0, 0.0, 0.0, 0.0, 0.0, 3.36, 0.0, 0.0, 0.0, 0.0, 0.0, 0.0, 0.0, 0.0],
 [6.79, 7.57, 0.0, 6.67, 0.0, 0.0, 0.0, 0.0, 0.0, 6.37, 0.0, 0.0, 4.57, 0.0, 0.0, 0.0, 0.0, 0.0, 0.0, 0.0, 0.0, 0.0, 0.0, 0.0, 0.0, 0.0, 0.0, 0.0, 6.79],
 [0.0, 0.0, 6.67, 0.0, 0.0, 0.0, 0.0, 0.0, 0.0, 5.25, 5.43, 0.0, 7.26, 0.0, 0.0, 0.0, 0.0, 0.0, 0.0, 0.0, 0.0, 0.0, 0.0, 0.0, 0.0, 0.0, 0.0, 0.0, 0.0],
 [0.0, 0.0, 0.0, 0.0, 0.0, 0.0, 0.0, 0.0, 3.5, 0.0, 3.61, 0.0, 0.0, 0.0, 7.32, 0.0, 0.0, 0.0, 0.0, 0.0, 0.0, 5.25, 0.0, 0.0, 0.0, 0.0, 7.59, 0.0, 0.0],
 [0.0, 0.0, 0.0, 0.0, 0.0, 0.0, 0.0, 0.0, 6.14, 0.0, 0.0, 3.18, 0.0, 6.47, 0.0, 0.0, 0.0, 0.0, 0.0, 0.0, 0.0, 0.0, 0.0, 3.35, 0.0, 0.0, 0.0, 6.45, 0.0],
 [0.0, 6.12, 0.0, 0.0, 0.0, 0.0, 0.0, 0.0, 0.0, 0.0, 0.0, 0.0, 0.0, 0.0, 0.0, 0.0, 0.0, 0.0, 0.0, 0.0, 3.47, 0.0, 3.93, 0.0, 0.0, 0.0, 0.0, 0.0, 0.0],
 [0.0, 0.0, 0.0, 0.0, 0.0, 0.0, 0.0, 0.0, 0.0, 5.55, 0.0, 0.0, 0.0, 0.0, 0.0, 0.0, 0.0, 0.0, 6.06, 0.0, 0.0, 6.61, 0.0, 0.0, 3.66, 0.0, 0.0, 0.0, 0.0],
 [0.0, 0.0, 0.0, 0.0, 3.5, 6.14, 0.0, 0.0, 0.0, 0.0, 0.0, 5.97, 0.0, 0.0, 0.0, 0.0, 0.0, 0.0, 0.0, 0.0, 0.0, 0.0, 0.0, 0.0, 0.0, 5.03, 0.0, 5.61, 0.0],
 [0.0, 0.0, 6.37, 5.25, 0.0, 0.0, 0.0, 5.55, 0.0, 0.0, 3.15, 0.0, 0.0, 0.0, 0.0, 0.0, 0.0, 0.0, 0.0, 0.0, 0.0, 7.97, 0.0, 0.0, 0.0, 0.0, 0.0, 0.0, 0.0],
 [0.0, 0.0, 0.0, 5.43, 3.61, 0.0, 0.0, 0.0, 0.0, 3.15, 0.0, 0.0, 0.0, 0.0, 0.0, 0.0, 0.0, 0.0, 0.0, 0.0, 0.0, 0.0, 0.0, 0.0, 0.0, 0.0, 6.45, 0.0, 0.0],
 [0.0, 0.0, 0.0, 0.0, 0.0, 3.18, 0.0, 0.0, 5.97, 0.0, 0.0, 0.0, 0.0, 5.85, 0.0, 0.0, 0.0, 0.0, 0.0, 3.23, 0.0, 0.0, 0.0, 0.0, 0.0, 0.0, 0.0, 0.0, 0.0],
 [0.0, 5.89, 4.57, 7.26, 0.0, 0.0, 0.0, 0.0, 0.0, 0.0, 0.0, 0.0, 0.0, 0.0, 0.0, 0.0, 0.0, 0.0, 0.0, 0.0, 0.0, 0.0, 0.0, 0.0, 0.0, 0.0, 0.0, 0.0, 0.0],
 [0.0, 0.0, 0.0, 0.0, 0.0, 6.47, 0.0, 0.0, 0.0, 0.0, 0.0, 5.85, 0.0, 0.0, 0.0, 0.0, 0.0, 0.0, 3.02, 0.0, 0.0, 0.0, 0.0, 5.29, 0.0, 0.0, 0.0, 3.1, 0.0],
 [0.0, 0.0, 0.0, 0.0, 7.32, 0.0, 0.0, 0.0, 0.0, 0.0, 0.0, 0.0, 0.0, 0.0, 0.0, 3.42, 0.0, 4.18, 0.0, 0.0, 0.0, 0.0, 0.0, 0.0, 0.0, 4.61, 7.58, 0.0, 0.0],
 [0.0, 0.0, 0.0, 0.0, 0.0, 0.0, 0.0, 0.0, 0.0, 0.0, 0.0, 0.0, 0.0, 0.0, 3.42, 0.0, 5.85, 7.5, 0.0, 3.5, 0.0, 0.0, 0.0, 0.0, 0.0, 7.99, 0.0, 0.0, 0.0],
 [0.0, 0.0, 0.0, 0.0, 0.0, 0.0, 0.0, 0.0, 0.0, 0.0, 0.0, 0.0, 0.0, 0.0, 0.0, 5.85, 0.0, 3.37, 0.0, 4.16, 0.0, 0.0, 0.0, 0.0, 0.0, 3.03, 0.0, 0.0, 0.0],
 [0.0, 0.0, 0.0, 0.0, 0.0, 0.0, 0.0, 0.0, 0.0, 0.0, 0.0, 0.0, 0.0, 0.0, 4.18, 7.5, 3.37, 0.0, 0.0, 0.0, 4.57, 0.0, 0.0, 0.0, 0.0, 0.0, 0.0, 0.0, 0.0],
 [0.0, 0.0, 0.0, 0.0, 0.0, 0.0, 0.0, 6.06, 0.0, 0.0, 0.0, 0.0, 0.0, 3.02, 0.0, 0.0, 0.0, 0.0, 0.0, 0.0, 0.0, 3.85, 0.0, 0.0, 5.5, 0.0, 0.0, 4.03, 0.0],
 [0.0, 0.0, 0.0, 0.0, 0.0, 0.0, 0.0, 0.0, 0.0, 0.0, 0.0, 3.23, 0.0, 0.0, 0.0, 3.5, 4.16, 0.0, 0.0, 0.0, 0.0, 0.0, 0.0, 4.31, 0.0, 4.24, 0.0, 0.0, 0.0],
 [0.0, 3.36, 0.0, 0.0, 0.0, 0.0, 3.47, 0.0, 0.0, 0.0, 0.0, 0.0, 0.0, 0.0, 0.0, 0.0, 0.0, 4.57, 0.0, 0.0, 0.0, 0.0, 3.61, 0.0, 0.0, 0.0, 0.0, 0.0, 0.0],
 [0.0, 0.0, 0.0, 0.0, 5.25, 0.0, 0.0, 6.61, 0.0, 7.97, 0.0, 0.0, 0.0, 0.0, 0.0, 0.0, 0.0, 0.0, 3.85, 0.0, 0.0, 0.0, 0.0, 0.0, 5.29, 0.0, 0.0, 0.0, 0.0],
 [0.0, 0.0, 0.0, 0.0, 0.0, 0.0, 3.93, 0.0, 0.0, 0.0, 0.0, 0.0, 0.0, 0.0, 0.0, 0.0, 0.0, 0.0, 0.0, 0.0, 3.61, 0.0, 0.0, 0.0, 0.0, 0.0, 5.07, 0.0, 0.0],
 [0.0, 0.0, 0.0, 0.0, 0.0, 3.35, 0.0, 0.0, 0.0, 0.0, 0.0, 0.0, 0.0, 5.29, 0.0, 0.0, 0.0, 0.0, 0.0, 4.31, 0.0, 0.0, 0.0, 0.0, 0.0, 0.0, 0.0, 5.94, 0.0],
 [0.0, 0.0, 0.0, 0.0, 0.0, 0.0, 0.0, 3.66, 0.0, 0.0, 0.0, 0.0, 0.0, 0.0, 0.0, 0.0, 0.0, 0.0, 5.5, 0.0, 0.0, 5.29, 0.0, 0.0, 0.0, 0.0, 0.0, 0.0, 0.0],
 [0.0, 0.0, 0.0, 0.0, 0.0, 0.0, 0.0, 0.0, 5.03, 0.0, 0.0, 0.0, 0.0, 0.0, 4.61, 7.99, 3.03, 0.0, 0.0, 4.24, 0.0, 0.0, 0.0, 0.0, 0.0, 0.0, 0.0, 0.0, 0.0],
 [0.0, 0.0, 0.0, 0.0, 7.59, 0.0, 0.0, 0.0, 0.0, 0.0, 6.45, 0.0, 0.0, 0.0, 7.58, 0.0, 0.0, 0.0, 0.0, 0.0, 0.0, 0.0, 5.07, 0.0, 0.0, 0.0, 0.0, 0.0, 0.0],
 [0.0, 0.0, 0.0, 0.0, 0.0, 6.45, 0.0, 0.0, 5.61, 0.0, 0.0, 0.0, 0.0, 3.1, 0.0, 0.0, 0.0, 0.0, 4.03, 0.0, 0.0, 0.0, 0.0, 5.94, 0.0, 0.0, 0.0, 0.0, 0.0],
 [0.0, 0.0, 6.79, 0.0, 0.0, 0.0, 0.0, 0.0, 0.0, 0.0, 0.0, 0.0, 0.0, 0.0, 0.0, 0.0, 0.0, 0.0, 0.0, 0.0, 0.0, 0.0, 0.0, 0.0, 0.0, 0.0, 0.0, 0.0, 0.0]
];